0 0.698750 0.235000 0.077500 0.085000
0 0.446250 0.328750 0.087500 0.087500
0 0.481250 0.835000 0.037500 0.050000
0 0.553750 0.901250 0.092500 0.132500
0 0.578750 0.742500 0.092500 0.085000
0 0.710000 0.546250 0.120000 0.122500
0 0.590000 0.642500 0.125000 0.130000
0 0.435000 0.422500 0.095000 0.100000
0 0.366250 0.293750 0.077500 0.097500
0 0.452500 0.245000 0.080000 0.090000
0 0.952500 0.293750 0.065000 0.067500
0 0.933750 0.363750 0.067500 0.052500
0 0.776250 0.360000 0.097500 0.130000
0 0.340000 0.578750 0.020000 0.032500
0 0.542500 0.275000 0.080000 0.090000
0 0.891250 0.448750 0.112500 0.132500
0 0.527500 0.108750 0.175000 0.192500
0 0.707500 0.672500 0.100000 0.130000
0 0.252500 0.220000 0.105000 0.125000
0 0.102500 0.906250 0.040000 0.042500
0 0.116250 0.611250 0.052500 0.047500
0 0.146250 0.551250 0.062500 0.052500
0 0.211250 0.643750 0.092500 0.102500
0 0.572500 0.461250 0.060000 0.067500
0 0.181250 0.912500 0.067500 0.065000
0 0.080000 0.353750 0.100000 0.112500
0 0.418750 0.878750 0.082500 0.082500
