0 0.022500 0.557500 0.040000 0.045000
0 0.810000 0.626250 0.060000 0.067500
0 0.050000 0.783750 0.070000 0.067500
0 0.941250 0.530000 0.067500 0.065000
0 0.397500 0.033750 0.105000 0.062500
0 0.971250 0.798750 0.057500 0.107500
0 0.121250 0.602500 0.057500 0.065000
0 0.947500 0.121250 0.105000 0.112500
0 0.186250 0.331250 0.042500 0.057500
0 0.823750 0.407500 0.082500 0.080000
0 0.723750 0.585000 0.057500 0.065000
0 0.776250 0.513750 0.082500 0.082500
0 0.817500 0.233750 0.065000 0.072500
0 0.783750 0.323750 0.072500 0.067500
0 0.953750 0.598750 0.077500 0.072500
0 0.455000 0.973750 0.085000 0.052500
0 0.435000 0.688750 0.085000 0.077500
0 0.671250 0.965000 0.087500 0.070000
0 0.088750 0.248750 0.107500 0.102500
0 0.098750 0.120000 0.127500 0.120000
0 0.053750 0.368750 0.092500 0.107500
0 0.070000 0.487500 0.085000 0.100000
0 0.341250 0.516250 0.117500 0.102500
0 0.493750 0.501250 0.077500 0.067500
0 0.651250 0.142500 0.097500 0.080000
0 0.740000 0.170000 0.070000 0.075000
0 0.810000 0.161250 0.070000 0.067500
0 0.920000 0.366250 0.075000 0.072500
0 0.927500 0.451250 0.075000 0.087500
0 0.916250 0.855000 0.097500 0.085000
0 0.862500 0.967500 0.075000 0.065000
0 0.743750 0.930000 0.067500 0.075000
0 0.083750 0.868750 0.107500 0.082500
0 0.035000 0.655000 0.050000 0.060000
0 0.250000 0.533750 0.075000 0.087500
0 0.303750 0.415000 0.087500 0.080000
0 0.286250 0.326250 0.092500 0.077500
0 0.765000 0.080000 0.120000 0.085000
0 0.752500 0.247500 0.060000 0.075000
0 0.751250 0.650000 0.072500 0.070000
0 0.898750 0.682500 0.077500 0.085000
0 0.858750 0.557500 0.072500 0.095000
0 0.578750 0.890000 0.102500 0.100000
0 0.185000 0.816250 0.100000 0.087500
0 0.642500 0.623750 0.105000 0.112500
0 0.630000 0.511250 0.065000 0.067500
0 0.882500 0.272500 0.080000 0.070000
0 0.645000 0.240000 0.115000 0.115000
0 0.470000 0.103750 0.115000 0.107500
0 0.395000 0.418750 0.100000 0.102500
0 0.425000 0.877500 0.080000 0.095000
0 0.286250 0.716250 0.102500 0.092500
0 0.670000 0.751250 0.125000 0.107500
0 0.506250 0.598750 0.142500 0.127500
0 0.675000 0.430000 0.125000 0.120000
0 0.393750 0.212500 0.122500 0.095000
