0 0.950000 0.601250 0.095000 0.087500
0 0.965000 0.490000 0.070000 0.100000
0 0.852500 0.617500 0.055000 0.045000
0 0.663750 0.665000 0.042500 0.045000
0 0.843750 0.965000 0.082500 0.070000
0 0.595000 0.953750 0.090000 0.092500
0 0.637500 0.606250 0.050000 0.052500
0 0.923750 0.293750 0.072500 0.077500
0 0.568750 0.538750 0.067500 0.072500
0 0.581250 0.646250 0.082500 0.077500
0 0.783750 0.622500 0.092500 0.070000
0 0.105000 0.505000 0.160000 0.220000
0 0.460000 0.940000 0.175000 0.120000
0 0.423750 0.838750 0.157500 0.102500
0 0.401250 0.057500 0.117500 0.110000
0 0.671250 0.070000 0.187500 0.125000
0 0.330000 0.785000 0.085000 0.085000
0 0.896250 0.391250 0.152500 0.167500
0 0.703750 0.455000 0.147500 0.135000
0 0.847500 0.533750 0.150000 0.122500
