0 0.370000 0.301250 0.100000 0.107500
0 0.345000 0.971250 0.055000 0.057500
0 0.716250 0.921250 0.082500 0.082500
0 0.297500 0.428750 0.070000 0.107500
0 0.023750 0.241250 0.042500 0.057500
0 0.306250 0.060000 0.077500 0.070000
0 0.048750 0.050000 0.082500 0.085000
0 0.777500 0.068750 0.060000 0.067500
0 0.151250 0.032500 0.082500 0.060000
0 0.360000 0.182500 0.060000 0.060000
0 0.237500 0.925000 0.065000 0.045000
0 0.711250 0.063750 0.047500 0.052500
0 0.051250 0.422500 0.087500 0.080000
0 0.080000 0.521250 0.060000 0.057500
0 0.055000 0.603750 0.075000 0.062500
0 0.957500 0.627500 0.085000 0.125000
0 0.060000 0.151250 0.105000 0.102500
0 0.238750 0.062500 0.057500 0.055000
0 0.293750 0.128750 0.072500 0.072500
0 0.395000 0.416250 0.145000 0.132500
0 0.227500 0.406250 0.045000 0.062500
0 0.903750 0.123750 0.132500 0.147500
0 0.746250 0.847500 0.082500 0.080000
0 0.586250 0.938750 0.097500 0.102500
0 0.616250 0.750000 0.062500 0.050000
0 0.620000 0.832500 0.160000 0.105000
0 0.638750 0.070000 0.087500 0.105000
0 0.155000 0.203750 0.070000 0.062500
0 0.240000 0.335000 0.080000 0.080000
0 0.786250 0.140000 0.072500 0.075000
0 0.188750 0.098750 0.062500 0.072500
0 0.720000 0.757500 0.090000 0.080000
0 0.910000 0.891250 0.070000 0.042500
0 0.923750 0.958750 0.112500 0.082500
0 0.676250 0.668750 0.077500 0.097500
0 0.593750 0.683750 0.072500 0.067500
0 0.828750 0.566250 0.087500 0.097500
0 0.791250 0.667500 0.092500 0.090000
0 0.721250 0.562500 0.087500 0.115000
0 0.876250 0.786250 0.107500 0.107500
0 0.266250 0.978750 0.052500 0.042500
0 0.281250 0.793750 0.072500 0.067500
0 0.315000 0.913750 0.055000 0.067500
0 0.286250 0.697500 0.067500 0.070000
0 0.247500 0.865000 0.085000 0.075000
0 0.407500 0.891250 0.080000 0.087500
0 0.052500 0.313750 0.055000 0.062500
0 0.253750 0.198750 0.062500 0.067500
0 0.707500 0.153750 0.070000 0.072500
0 0.547500 0.446250 0.085000 0.112500
0 0.393750 0.753750 0.087500 0.087500
0 0.230000 0.737500 0.065000 0.070000
0 0.467500 0.547500 0.090000 0.100000
