0 0.123750 0.865000 0.047500 0.050000
0 0.888750 0.633750 0.062500 0.077500
0 0.047500 0.961250 0.060000 0.057500
0 0.781250 0.741250 0.062500 0.082500
0 0.843750 0.743750 0.057500 0.052500
0 0.156250 0.482500 0.202500 0.215000
0 0.853750 0.378750 0.127500 0.152500
0 0.802500 0.605000 0.085000 0.115000
0 0.955000 0.147500 0.090000 0.130000
0 0.960000 0.572500 0.080000 0.100000
0 0.817500 0.858750 0.110000 0.097500
0 0.906250 0.775000 0.052500 0.060000
0 0.953750 0.693750 0.072500 0.077500
0 0.711250 0.760000 0.097500 0.105000
0 0.522500 0.446250 0.085000 0.107500
0 0.430000 0.152500 0.095000 0.095000
0 0.382500 0.265000 0.105000 0.130000
0 0.386250 0.390000 0.107500 0.095000
0 0.425000 0.511250 0.130000 0.147500
0 0.415000 0.636250 0.065000 0.072500
0 0.040000 0.822500 0.075000 0.085000
0 0.340000 0.118750 0.070000 0.097500
0 0.070000 0.091250 0.135000 0.152500
0 0.786250 0.242500 0.127500 0.155000
0 0.490000 0.796250 0.150000 0.162500
