0 0.121250 0.287500 0.077500 0.090000
0 0.565000 0.488750 0.175000 0.192500
0 0.051250 0.535000 0.097500 0.120000
0 0.120000 0.393750 0.110000 0.112500
0 0.563750 0.277500 0.332500 0.240000
0 0.490000 0.081250 0.310000 0.152500
0 0.073750 0.078750 0.142500 0.152500
0 0.043750 0.268750 0.082500 0.147500
0 0.058750 0.665000 0.112500 0.135000
0 0.191250 0.763750 0.172500 0.172500
0 0.056250 0.801250 0.107500 0.162500
0 0.558750 0.903750 0.162500 0.192500
0 0.697500 0.900000 0.125000 0.100000
0 0.375000 0.901250 0.135000 0.197500
0 0.861250 0.126250 0.272500 0.217500
