0 0.602500 0.116250 0.040000 0.037500
0 0.546250 0.271250 0.037500 0.052500
0 0.037500 0.700000 0.055000 0.080000
0 0.072500 0.247500 0.065000 0.065000
0 0.232500 0.325000 0.095000 0.100000
0 0.498750 0.575000 0.052500 0.045000
0 0.715000 0.852500 0.045000 0.055000
0 0.600000 0.961250 0.060000 0.062500
0 0.317500 0.227500 0.075000 0.095000
0 0.286250 0.692500 0.097500 0.115000
0 0.846250 0.547500 0.197500 0.220000
0 0.136250 0.048750 0.097500 0.092500
0 0.108750 0.341250 0.087500 0.102500
0 0.115000 0.195000 0.070000 0.065000
0 0.657500 0.030000 0.075000 0.055000
0 0.888750 0.052500 0.152500 0.100000
0 0.942500 0.301250 0.065000 0.082500
0 0.296250 0.925000 0.127500 0.150000
0 0.296250 0.498750 0.177500 0.187500
0 0.665000 0.668750 0.075000 0.077500
0 0.513750 0.806250 0.047500 0.052500
0 0.433750 0.950000 0.057500 0.050000
0 0.621250 0.796250 0.117500 0.142500
0 0.812500 0.190000 0.110000 0.140000
0 0.470000 0.148750 0.175000 0.132500
0 0.658750 0.302500 0.122500 0.140000
0 0.443750 0.681250 0.132500 0.122500
