0 0.890000 0.971250 0.055000 0.057500
0 0.868750 0.487500 0.052500 0.055000
0 0.426250 0.912500 0.077500 0.075000
0 0.458750 0.717500 0.067500 0.060000
0 0.247500 0.785000 0.065000 0.065000
0 0.416250 0.303750 0.062500 0.052500
0 0.592500 0.945000 0.055000 0.065000
0 0.647500 0.975000 0.080000 0.050000
0 0.047500 0.867500 0.090000 0.265000
0 0.665000 0.795000 0.090000 0.075000
0 0.950000 0.906250 0.055000 0.057500
0 0.467500 0.357500 0.060000 0.075000
0 0.325000 0.481250 0.090000 0.087500
0 0.317500 0.690000 0.080000 0.080000
0 0.226250 0.847500 0.047500 0.055000
0 0.265000 0.965000 0.070000 0.070000
0 0.310000 0.863750 0.080000 0.077500
0 0.535000 0.962500 0.060000 0.055000
0 0.742500 0.966250 0.085000 0.067500
0 0.407500 0.600000 0.115000 0.135000
0 0.283750 0.595000 0.132500 0.130000
0 0.961250 0.527500 0.077500 0.145000
0 0.711250 0.886250 0.072500 0.102500
0 0.638750 0.887500 0.082500 0.110000
0 0.745000 0.772500 0.090000 0.095000
0 0.602500 0.422500 0.080000 0.090000
0 0.515000 0.316250 0.055000 0.062500
0 0.372500 0.377500 0.115000 0.095000
0 0.392500 0.971250 0.070000 0.047500
0 0.735000 0.538750 0.095000 0.087500
0 0.808750 0.507500 0.062500 0.060000
0 0.851250 0.558750 0.072500 0.077500
0 0.641250 0.623750 0.072500 0.072500
0 0.623750 0.506250 0.082500 0.082500
0 0.498750 0.060000 0.082500 0.115000
0 0.586250 0.212500 0.057500 0.065000
0 0.537500 0.248750 0.095000 0.092500
0 0.636250 0.321250 0.067500 0.087500
0 0.760000 0.640000 0.065000 0.070000
0 0.886250 0.823750 0.102500 0.107500
0 0.953750 0.235000 0.092500 0.120000
0 0.212500 0.677500 0.080000 0.105000
0 0.156250 0.752500 0.072500 0.080000
0 0.490000 0.797500 0.095000 0.100000
0 0.513750 0.887500 0.092500 0.080000
0 0.820000 0.905000 0.085000 0.105000
0 0.731250 0.398750 0.112500 0.147500
0 0.485000 0.473750 0.120000 0.132500
0 0.360000 0.803750 0.095000 0.092500
0 0.542500 0.686250 0.105000 0.132500
0 0.905000 0.393750 0.115000 0.112500
0 0.935000 0.715000 0.115000 0.115000
0 0.851250 0.191250 0.122500 0.152500
