0 0.967500 0.641250 0.050000 0.057500
0 0.700000 0.721250 0.065000 0.062500
0 0.925000 0.971250 0.055000 0.042500
0 0.827500 0.700000 0.115000 0.120000
0 0.761250 0.595000 0.077500 0.085000
0 0.891250 0.613750 0.067500 0.092500
0 0.967500 0.512500 0.055000 0.075000
0 0.826250 0.560000 0.092500 0.080000
0 0.706250 0.647500 0.072500 0.100000
0 0.048750 0.696250 0.092500 0.087500
0 0.602500 0.702500 0.085000 0.075000
0 0.665000 0.790000 0.090000 0.085000
0 0.558750 0.791250 0.057500 0.072500
0 0.150000 0.656250 0.080000 0.077500
0 0.488750 0.747500 0.072500 0.085000
0 0.305000 0.175000 0.200000 0.195000
