0 0.083750 0.063750 0.062500 0.057500
0 0.071250 0.202500 0.057500 0.055000
0 0.407500 0.902500 0.055000 0.060000
0 0.412500 0.713750 0.065000 0.062500
0 0.256250 0.963750 0.072500 0.072500
0 0.193750 0.030000 0.117500 0.055000
0 0.138750 0.112500 0.062500 0.085000
0 0.206250 0.132500 0.077500 0.080000
0 0.057500 0.117500 0.080000 0.090000
0 0.238750 0.072500 0.072500 0.080000
0 0.343750 0.067500 0.102500 0.080000
0 0.948750 0.092500 0.057500 0.060000
0 0.943750 0.945000 0.082500 0.090000
0 0.911250 0.865000 0.072500 0.065000
0 0.551250 0.942500 0.072500 0.070000
0 0.647500 0.942500 0.080000 0.070000
0 0.452500 0.968750 0.060000 0.062500
0 0.776250 0.922500 0.092500 0.085000
0 0.636250 0.652500 0.112500 0.120000
0 0.722500 0.776250 0.070000 0.077500
0 0.793750 0.791250 0.052500 0.057500
0 0.860000 0.777500 0.060000 0.070000
0 0.936250 0.800000 0.077500 0.060000
0 0.310000 0.811250 0.060000 0.052500
0 0.303750 0.870000 0.077500 0.055000
0 0.351250 0.921250 0.077500 0.052500
0 0.355000 0.976250 0.090000 0.047500
0 0.606250 0.835000 0.082500 0.080000
0 0.500000 0.900000 0.060000 0.060000
0 0.483750 0.706250 0.072500 0.077500
0 0.510000 0.838750 0.065000 0.062500
0 0.418750 0.840000 0.072500 0.070000
0 0.377500 0.781250 0.070000 0.067500
0 0.461250 0.782500 0.052500 0.050000
0 0.555000 0.776250 0.075000 0.072500
0 0.711250 0.697500 0.052500 0.065000
0 0.845000 0.700000 0.065000 0.065000
0 0.763750 0.695000 0.057500 0.070000
0 0.905000 0.720000 0.050000 0.060000
0 0.733750 0.550000 0.082500 0.095000
0 0.523750 0.606250 0.072500 0.077500
0 0.436250 0.628750 0.042500 0.037500
0 0.586250 0.525000 0.092500 0.090000
0 0.537500 0.418750 0.060000 0.067500
0 0.575000 0.356250 0.060000 0.057500
0 0.492500 0.463750 0.075000 0.092500
0 0.600000 0.433750 0.065000 0.077500
0 0.713750 0.252500 0.077500 0.075000
0 0.642500 0.168750 0.090000 0.092500
0 0.478750 0.172500 0.087500 0.080000
0 0.485000 0.270000 0.085000 0.095000
0 0.123750 0.223750 0.072500 0.082500
0 0.207500 0.262500 0.095000 0.090000
0 0.408750 0.490000 0.067500 0.075000
0 0.405000 0.373750 0.090000 0.097500
0 0.333750 0.513750 0.082500 0.077500
0 0.083750 0.890000 0.067500 0.075000
