0 0.386250 0.771250 0.162500 0.087500
0 0.688750 0.817500 0.157500 0.190000
0 0.966250 0.816250 0.067500 0.097500
0 0.826250 0.966250 0.122500 0.067500
0 0.697500 0.055000 0.075000 0.105000
0 0.522500 0.888750 0.195000 0.217500
0 0.566250 0.703750 0.122500 0.152500
0 0.960000 0.425000 0.080000 0.105000
0 0.967500 0.553750 0.065000 0.107500
0 0.950000 0.300000 0.100000 0.125000
0 0.838750 0.338750 0.127500 0.132500
0 0.802500 0.538750 0.240000 0.272500
0 0.401250 0.150000 0.157500 0.150000
0 0.345000 0.245000 0.120000 0.105000
0 0.100000 0.310000 0.170000 0.140000
0 0.143750 0.853750 0.072500 0.062500
0 0.342500 0.658750 0.160000 0.127500
0 0.582500 0.046250 0.185000 0.087500
0 0.797500 0.066250 0.125000 0.117500
0 0.826250 0.212500 0.122500 0.155000
0 0.966250 0.052500 0.067500 0.100000
0 0.261250 0.056250 0.162500 0.107500
0 0.047500 0.566250 0.090000 0.137500
0 0.390000 0.867500 0.080000 0.105000
0 0.287500 0.892500 0.120000 0.140000
0 0.822500 0.786250 0.120000 0.172500
0 0.476250 0.626250 0.122500 0.147500
0 0.110000 0.162500 0.215000 0.180000
0 0.702500 0.265000 0.110000 0.095000
0 0.706250 0.165000 0.107500 0.110000
0 0.632500 0.597500 0.060000 0.050000
0 0.221250 0.531250 0.227500 0.192500
0 0.091250 0.921250 0.117500 0.097500
0 0.603750 0.457500 0.142500 0.135000
0 0.290000 0.372500 0.150000 0.145000
0 0.056250 0.431250 0.107500 0.142500
0 0.607500 0.341250 0.115000 0.117500
0 0.078750 0.736250 0.152500 0.187500
0 0.221250 0.738750 0.127500 0.162500
0 0.470000 0.501250 0.155000 0.132500
0 0.447500 0.355000 0.160000 0.150000
0 0.567500 0.192500 0.165000 0.170000
