0 0.955000 0.225000 0.090000 0.100000
0 0.052500 0.257500 0.100000 0.115000
0 0.341250 0.403750 0.092500 0.097500
0 0.973750 0.601250 0.052500 0.062500
0 0.063750 0.047500 0.122500 0.090000
0 0.958750 0.536250 0.052500 0.072500
0 0.956250 0.703750 0.087500 0.137500
0 0.616250 0.176250 0.092500 0.087500
0 0.928750 0.940000 0.137500 0.115000
0 0.127500 0.172500 0.125000 0.130000
0 0.647500 0.083750 0.140000 0.137500
0 0.728750 0.960000 0.132500 0.080000
0 0.725000 0.803750 0.195000 0.192500
0 0.577500 0.797500 0.115000 0.105000
0 0.842500 0.558750 0.125000 0.147500
0 0.180000 0.050000 0.100000 0.095000
0 0.347500 0.608750 0.095000 0.112500
0 0.462500 0.793750 0.115000 0.152500
0 0.362500 0.743750 0.085000 0.097500
0 0.831250 0.692500 0.097500 0.085000
0 0.947500 0.841250 0.105000 0.127500
0 0.331250 0.102500 0.137500 0.155000
0 0.252500 0.912500 0.220000 0.175000
0 0.152500 0.696250 0.245000 0.242500
0 0.535000 0.527500 0.150000 0.105000
0 0.567500 0.660000 0.140000 0.160000
0 0.848750 0.132500 0.187500 0.180000
0 0.520000 0.927500 0.165000 0.145000
0 0.265000 0.248750 0.135000 0.127500
0 0.571250 0.368750 0.237500 0.212500
0 0.695000 0.527500 0.145000 0.150000
0 0.143750 0.456250 0.147500 0.127500
0 0.277500 0.507500 0.105000 0.130000
