0 0.296250 0.307500 0.082500 0.080000
0 0.045000 0.960000 0.085000 0.075000
0 0.033750 0.877500 0.062500 0.080000
0 0.418750 0.285000 0.082500 0.075000
0 0.493750 0.350000 0.112500 0.095000
0 0.418750 0.021250 0.067500 0.037500
0 0.947500 0.516250 0.030000 0.032500
0 0.900000 0.557500 0.070000 0.065000
0 0.710000 0.567500 0.055000 0.070000
0 0.758750 0.683750 0.077500 0.087500
0 0.696250 0.687500 0.062500 0.050000
0 0.700000 0.742500 0.070000 0.065000
0 0.890000 0.177500 0.080000 0.090000
0 0.452500 0.068750 0.075000 0.077500
0 0.542500 0.161250 0.095000 0.097500
0 0.438750 0.193750 0.117500 0.097500
0 0.552500 0.786250 0.130000 0.117500
0 0.468750 0.555000 0.097500 0.070000
0 0.498750 0.481250 0.112500 0.092500
0 0.886250 0.261250 0.077500 0.062500
0 0.300000 0.810000 0.060000 0.065000
0 0.185000 0.425000 0.090000 0.110000
0 0.908750 0.327500 0.062500 0.060000
0 0.808750 0.176250 0.067500 0.077500
0 0.728750 0.188750 0.087500 0.077500
0 0.381250 0.838750 0.097500 0.107500
0 0.271250 0.886250 0.077500 0.077500
0 0.882500 0.961250 0.090000 0.077500
0 0.911250 0.626250 0.087500 0.062500
0 0.960000 0.713750 0.080000 0.087500
0 0.862500 0.708750 0.100000 0.097500
0 0.960000 0.273750 0.080000 0.107500
0 0.650000 0.647500 0.060000 0.065000
0 0.280000 0.472500 0.105000 0.130000
0 0.176250 0.542500 0.132500 0.140000
0 0.050000 0.576250 0.095000 0.097500
0 0.961250 0.123750 0.072500 0.087500
0 0.711250 0.271250 0.137500 0.092500
0 0.773750 0.081250 0.137500 0.137500
0 0.107500 0.672500 0.100000 0.105000
0 0.480000 0.915000 0.100000 0.125000
0 0.656250 0.926250 0.197500 0.147500
0 0.917500 0.817500 0.075000 0.090000
0 0.822500 0.557500 0.070000 0.060000
0 0.777500 0.395000 0.125000 0.120000
0 0.665000 0.446250 0.100000 0.122500
0 0.653750 0.572500 0.072500 0.065000
0 0.581250 0.641250 0.072500 0.072500
0 0.617500 0.720000 0.090000 0.090000
0 0.387500 0.721250 0.095000 0.077500
0 0.111250 0.363750 0.067500 0.072500
0 0.101250 0.260000 0.062500 0.050000
0 0.180000 0.123750 0.135000 0.132500
0 0.042500 0.471250 0.075000 0.102500
0 0.413750 0.627500 0.092500 0.090000
0 0.361250 0.125000 0.092500 0.060000
0 0.305000 0.212500 0.080000 0.085000
0 0.215000 0.243750 0.095000 0.072500
0 0.376250 0.512500 0.072500 0.070000
