0 0.425000 0.433750 0.080000 0.077500
0 0.345000 0.197500 0.090000 0.110000
0 0.493750 0.041250 0.062500 0.052500
0 0.196250 0.400000 0.082500 0.115000
0 0.035000 0.336250 0.065000 0.057500
0 0.102500 0.250000 0.065000 0.060000
0 0.365000 0.310000 0.080000 0.085000
0 0.026250 0.687500 0.047500 0.090000
0 0.415000 0.881250 0.075000 0.097500
0 0.140000 0.081250 0.075000 0.082500
0 0.031250 0.231250 0.057500 0.107500
0 0.218750 0.273750 0.137500 0.112500
0 0.937500 0.503750 0.125000 0.132500
0 0.628750 0.041250 0.142500 0.077500
0 0.115000 0.385000 0.085000 0.100000
0 0.621250 0.858750 0.097500 0.107500
0 0.635000 0.966250 0.080000 0.067500
0 0.372500 0.493750 0.080000 0.097500
0 0.287500 0.380000 0.105000 0.115000
0 0.048750 0.478750 0.092500 0.137500
0 0.426250 0.158750 0.082500 0.077500
0 0.120000 0.186250 0.055000 0.047500
0 0.472500 0.305000 0.145000 0.145000
0 0.543750 0.401250 0.057500 0.062500
0 0.057500 0.585000 0.085000 0.075000
0 0.926250 0.080000 0.147500 0.155000
0 0.781250 0.047500 0.082500 0.085000
0 0.503750 0.116250 0.082500 0.087500
0 0.886250 0.280000 0.127500 0.135000
0 0.846250 0.400000 0.067500 0.070000
0 0.921250 0.626250 0.057500 0.067500
0 0.957500 0.721250 0.085000 0.117500
0 0.918750 0.955000 0.152500 0.090000
0 0.952500 0.882500 0.095000 0.085000
0 0.586250 0.302500 0.097500 0.115000
0 0.416250 0.596250 0.077500 0.097500
0 0.066250 0.781250 0.052500 0.047500
0 0.067500 0.821250 0.050000 0.042500
0 0.162500 0.536250 0.075000 0.077500
0 0.268750 0.901250 0.077500 0.077500
0 0.342500 0.913750 0.070000 0.082500
0 0.755000 0.940000 0.150000 0.120000
0 0.490000 0.412500 0.055000 0.060000
0 0.078750 0.727500 0.062500 0.065000
0 0.127500 0.808750 0.050000 0.062500
0 0.098750 0.896250 0.082500 0.087500
0 0.185000 0.907500 0.085000 0.085000
0 0.231250 0.066250 0.072500 0.077500
0 0.387500 0.078750 0.080000 0.077500
0 0.832500 0.821250 0.150000 0.132500
0 0.797500 0.731250 0.080000 0.072500
0 0.547500 0.463750 0.050000 0.062500
0 0.858750 0.555000 0.067500 0.070000
0 0.963750 0.372500 0.072500 0.090000
0 0.677500 0.338750 0.100000 0.127500
0 0.637500 0.432500 0.055000 0.070000
0 0.687500 0.492500 0.075000 0.070000
0 0.807500 0.467500 0.070000 0.070000
0 0.796250 0.543750 0.062500 0.077500
0 0.858750 0.675000 0.087500 0.100000
0 0.230000 0.816250 0.090000 0.087500
0 0.340000 0.817500 0.105000 0.120000
0 0.647500 0.193750 0.075000 0.072500
0 0.578750 0.200000 0.057500 0.065000
0 0.218750 0.171250 0.122500 0.097500
0 0.115000 0.615000 0.065000 0.070000
0 0.220000 0.572500 0.075000 0.090000
0 0.771250 0.320000 0.087500 0.100000
0 0.488750 0.517500 0.107500 0.095000
0 0.586250 0.522500 0.062500 0.070000
0 0.640000 0.562500 0.080000 0.075000
0 0.735000 0.652500 0.125000 0.105000
0 0.663750 0.756250 0.117500 0.097500
0 0.731250 0.523750 0.062500 0.072500
0 0.346250 0.593750 0.082500 0.082500
0 0.167500 0.718750 0.105000 0.112500
0 0.275000 0.698750 0.100000 0.102500
0 0.298750 0.107500 0.057500 0.070000
0 0.760000 0.171250 0.115000 0.127500
0 0.508750 0.953750 0.087500 0.077500
0 0.531250 0.881250 0.082500 0.082500
0 0.540000 0.658750 0.160000 0.162500
