0 0.712500 0.473750 0.050000 0.047500
0 0.643750 0.492500 0.077500 0.065000
0 0.710000 0.526250 0.045000 0.047500
0 0.293750 0.238750 0.087500 0.072500
0 0.382500 0.157500 0.075000 0.080000
0 0.390000 0.238750 0.085000 0.087500
0 0.452500 0.082500 0.095000 0.085000
0 0.130000 0.490000 0.120000 0.080000
0 0.141250 0.385000 0.092500 0.095000
0 0.045000 0.563750 0.085000 0.057500
0 0.298750 0.150000 0.087500 0.105000
0 0.522500 0.395000 0.130000 0.160000
0 0.245000 0.502500 0.080000 0.075000
0 0.393750 0.517500 0.072500 0.070000
0 0.756250 0.195000 0.292500 0.370000
0 0.552500 0.041250 0.120000 0.077500
0 0.665000 0.601250 0.055000 0.072500
0 0.622500 0.543750 0.055000 0.047500
0 0.178750 0.260000 0.147500 0.115000
0 0.045000 0.455000 0.085000 0.145000
0 0.332500 0.376250 0.225000 0.182500
0 0.242500 0.043750 0.065000 0.057500
0 0.342500 0.052500 0.090000 0.095000
0 0.106250 0.161250 0.077500 0.082500
0 0.968750 0.873750 0.062500 0.062500
0 0.512500 0.807500 0.045000 0.040000
0 0.516250 0.866250 0.057500 0.067500
0 0.183750 0.112500 0.097500 0.085000
0 0.615000 0.818750 0.055000 0.052500
0 0.802500 0.551250 0.060000 0.052500
0 0.735000 0.605000 0.095000 0.095000
0 0.548750 0.548750 0.087500 0.077500
0 0.970000 0.742500 0.060000 0.075000
0 0.400000 0.947500 0.100000 0.105000
0 0.575000 0.640000 0.105000 0.100000
0 0.163750 0.173750 0.057500 0.052500
0 0.037500 0.098750 0.070000 0.112500
0 0.140000 0.041250 0.130000 0.077500
0 0.515000 0.226250 0.170000 0.192500
0 0.122500 0.766250 0.090000 0.132500
0 0.861250 0.962500 0.122500 0.075000
0 0.966250 0.503750 0.067500 0.107500
0 0.685000 0.835000 0.080000 0.075000
0 0.035000 0.872500 0.065000 0.205000
0 0.650000 0.395000 0.080000 0.075000
0 0.946250 0.112500 0.107500 0.145000
0 0.956250 0.276250 0.087500 0.117500
0 0.193750 0.598750 0.107500 0.127500
0 0.343750 0.633750 0.162500 0.192500
0 0.055000 0.293750 0.105000 0.172500
0 0.955000 0.593750 0.055000 0.072500
0 0.881250 0.485000 0.052500 0.055000
0 0.888750 0.556250 0.077500 0.082500
0 0.051250 0.691250 0.097500 0.127500
0 0.866250 0.412500 0.092500 0.100000
0 0.286250 0.851250 0.087500 0.077500
0 0.271250 0.936250 0.192500 0.127500
0 0.422500 0.827500 0.130000 0.110000
0 0.565000 0.862500 0.050000 0.060000
0 0.866250 0.871250 0.147500 0.127500
0 0.111250 0.898750 0.077500 0.092500
0 0.846250 0.675000 0.147500 0.160000
0 0.691250 0.933750 0.152500 0.132500
0 0.471250 0.692500 0.132500 0.165000
