0 0.093750 0.347500 0.092500 0.085000
0 0.245000 0.942500 0.075000 0.100000
0 0.316250 0.932500 0.072500 0.095000
0 0.258750 0.797500 0.192500 0.145000
0 0.723750 0.046250 0.162500 0.087500
0 0.168750 0.063750 0.107500 0.112500
0 0.970000 0.658750 0.060000 0.082500
0 0.375000 0.642500 0.080000 0.070000
0 0.220000 0.038750 0.080000 0.072500
0 0.753750 0.368750 0.047500 0.052500
0 0.053750 0.786250 0.077500 0.082500
0 0.290000 0.078750 0.085000 0.102500
0 0.573750 0.060000 0.107500 0.100000
0 0.120000 0.915000 0.165000 0.170000
0 0.383750 0.895000 0.062500 0.070000
0 0.878750 0.723750 0.072500 0.057500
0 0.882500 0.640000 0.115000 0.105000
0 0.395000 0.755000 0.085000 0.095000
0 0.035000 0.336250 0.065000 0.162500
0 0.283750 0.695000 0.097500 0.090000
0 0.158750 0.528750 0.092500 0.102500
0 0.947500 0.033750 0.105000 0.062500
0 0.853750 0.031250 0.057500 0.057500
0 0.051250 0.082500 0.097500 0.160000
0 0.960000 0.740000 0.080000 0.080000
0 0.643750 0.932500 0.097500 0.085000
0 0.273750 0.576250 0.127500 0.127500
0 0.936250 0.197500 0.127500 0.225000
0 0.588750 0.256250 0.257500 0.222500
0 0.407500 0.052500 0.135000 0.100000
0 0.048750 0.551250 0.092500 0.157500
0 0.105000 0.435000 0.115000 0.090000
0 0.411250 0.966250 0.127500 0.067500
0 0.922500 0.885000 0.155000 0.230000
0 0.678750 0.841250 0.087500 0.077500
0 0.746250 0.958750 0.102500 0.082500
0 0.791250 0.798750 0.122500 0.117500
0 0.911250 0.358750 0.152500 0.127500
0 0.938750 0.521250 0.122500 0.137500
0 0.435000 0.468750 0.255000 0.297500
0 0.150000 0.652500 0.155000 0.135000
0 0.445000 0.823750 0.080000 0.087500
0 0.571250 0.796250 0.112500 0.107500
0 0.508750 0.897500 0.102500 0.110000
0 0.241250 0.272500 0.207500 0.235000
