0 0.592500 0.018750 0.060000 0.032500
0 0.898750 0.798750 0.077500 0.087500
0 0.343750 0.983750 0.072500 0.032500
0 0.678750 0.026250 0.077500 0.047500
0 0.051250 0.025000 0.067500 0.045000
0 0.551250 0.798750 0.042500 0.047500
0 0.231250 0.026250 0.102500 0.047500
0 0.913750 0.036250 0.092500 0.067500
0 0.868750 0.228750 0.082500 0.077500
0 0.432500 0.053750 0.040000 0.047500
0 0.512500 0.176250 0.065000 0.067500
0 0.091250 0.073750 0.072500 0.067500
0 0.366250 0.092500 0.097500 0.075000
0 0.487500 0.063750 0.055000 0.057500
0 0.552500 0.117500 0.055000 0.055000
0 0.182500 0.948750 0.120000 0.102500
0 0.290000 0.923750 0.080000 0.072500
0 0.343750 0.032500 0.092500 0.060000
0 0.546250 0.057500 0.067500 0.065000
0 0.090000 0.653750 0.070000 0.077500
0 0.232500 0.680000 0.105000 0.110000
0 0.605000 0.078750 0.070000 0.077500
0 0.701250 0.107500 0.077500 0.095000
0 0.760000 0.205000 0.090000 0.100000
0 0.776250 0.285000 0.082500 0.075000
0 0.450000 0.130000 0.085000 0.085000
0 0.842500 0.321250 0.070000 0.112500
0 0.955000 0.251250 0.090000 0.107500
0 0.461250 0.668750 0.052500 0.052500
0 0.630000 0.170000 0.095000 0.100000
0 0.478750 0.215000 0.062500 0.055000
0 0.167500 0.081250 0.085000 0.087500
0 0.121250 0.157500 0.092500 0.085000
0 0.293750 0.145000 0.072500 0.080000
0 0.642500 0.288750 0.090000 0.082500
0 0.713750 0.867500 0.287500 0.235000
0 0.058750 0.928750 0.092500 0.092500
0 0.083750 0.845000 0.092500 0.080000
0 0.031250 0.570000 0.057500 0.075000
0 0.423750 0.757500 0.097500 0.100000
0 0.552500 0.716250 0.070000 0.072500
0 0.927500 0.481250 0.090000 0.117500
0 0.345000 0.252500 0.095000 0.100000
0 0.321250 0.432500 0.112500 0.100000
0 0.077500 0.737500 0.060000 0.075000
0 0.316250 0.798750 0.097500 0.092500
