0 0.868750 0.958750 0.087500 0.082500
0 0.795000 0.971250 0.045000 0.057500
0 0.950000 0.846250 0.100000 0.157500
0 0.675000 0.048750 0.155000 0.092500
0 0.728750 0.348750 0.097500 0.117500
0 0.891250 0.368750 0.142500 0.127500
0 0.910000 0.670000 0.100000 0.125000
0 0.582500 0.951250 0.090000 0.092500
0 0.662500 0.817500 0.085000 0.110000
0 0.613750 0.567500 0.097500 0.090000
0 0.472500 0.646250 0.105000 0.102500
0 0.312500 0.707500 0.135000 0.125000
0 0.331250 0.556250 0.132500 0.152500
0 0.211250 0.893750 0.142500 0.142500
