0 0.118750 0.768750 0.232500 0.157500
0 0.331250 0.785000 0.132500 0.150000
0 0.415000 0.755000 0.090000 0.100000
0 0.405000 0.525000 0.075000 0.100000
0 0.172500 0.567500 0.340000 0.245000
0 0.697500 0.405000 0.080000 0.085000
0 0.708750 0.075000 0.092500 0.085000
0 0.890000 0.058750 0.075000 0.067500
0 0.971250 0.092500 0.057500 0.070000
0 0.510000 0.427500 0.090000 0.090000
0 0.971250 0.282500 0.057500 0.090000
0 0.976250 0.171250 0.047500 0.072500
0 0.807500 0.496250 0.070000 0.082500
0 0.372500 0.046250 0.215000 0.087500
0 0.672500 0.792500 0.100000 0.080000
0 0.885000 0.847500 0.085000 0.095000
0 0.700000 0.676250 0.080000 0.082500
0 0.611250 0.427500 0.067500 0.070000
0 0.871250 0.141250 0.087500 0.097500
0 0.582500 0.066250 0.145000 0.107500
0 0.698750 0.927500 0.122500 0.135000
0 0.781250 0.101250 0.082500 0.092500
0 0.930000 0.958750 0.110000 0.082500
0 0.757500 0.711250 0.075000 0.067500
0 0.838750 0.636250 0.052500 0.057500
0 0.198750 0.915000 0.177500 0.130000
0 0.065000 0.930000 0.125000 0.140000
0 0.555000 0.772500 0.135000 0.160000
0 0.770000 0.397500 0.055000 0.060000
0 0.890000 0.260000 0.110000 0.120000
0 0.576250 0.943750 0.122500 0.112500
0 0.721250 0.576250 0.052500 0.057500
0 0.481250 0.521250 0.087500 0.097500
0 0.578750 0.162500 0.082500 0.075000
0 0.541250 0.291250 0.142500 0.172500
0 0.816250 0.897500 0.082500 0.080000
0 0.403750 0.937500 0.177500 0.125000
0 0.566250 0.583750 0.082500 0.097500
0 0.382500 0.358750 0.150000 0.172500
0 0.317500 0.150000 0.085000 0.090000
0 0.276250 0.235000 0.117500 0.100000
0 0.477500 0.182500 0.090000 0.100000
0 0.725000 0.265000 0.155000 0.175000
0 0.861250 0.391250 0.097500 0.107500
0 0.063750 0.360000 0.122500 0.135000
0 0.205000 0.360000 0.115000 0.135000
0 0.458750 0.641250 0.122500 0.122500
0 0.121250 0.126250 0.237500 0.247500
