0 0.965000 0.053750 0.070000 0.082500
0 0.920000 0.271250 0.125000 0.112500
0 0.921250 0.396250 0.062500 0.067500
0 0.903750 0.145000 0.132500 0.120000
0 0.585000 0.045000 0.165000 0.085000
0 0.788750 0.060000 0.182500 0.115000
0 0.516250 0.297500 0.142500 0.190000
0 0.668750 0.552500 0.182500 0.160000
0 0.708750 0.348750 0.212500 0.252500
0 0.841250 0.955000 0.162500 0.090000
0 0.632500 0.901250 0.225000 0.197500
0 0.118750 0.843750 0.207500 0.207500
0 0.051250 0.651250 0.097500 0.167500
0 0.200000 0.557500 0.230000 0.235000
0 0.368750 0.905000 0.237500 0.190000
0 0.191250 0.342500 0.172500 0.155000
