0 0.438750 0.126250 0.097500 0.087500
0 0.712500 0.592500 0.200000 0.180000
0 0.656250 0.381250 0.272500 0.217500
0 0.867500 0.337500 0.145000 0.125000
0 0.555000 0.833750 0.070000 0.052500
0 0.692500 0.790000 0.160000 0.090000
0 0.910000 0.871250 0.180000 0.257500
0 0.962500 0.330000 0.075000 0.185000
0 0.558750 0.946250 0.122500 0.107500
0 0.840000 0.121250 0.320000 0.232500
0 0.961250 0.525000 0.077500 0.145000
0 0.851250 0.513750 0.122500 0.182500
0 0.398750 0.042500 0.187500 0.080000
0 0.575000 0.152500 0.175000 0.160000
0 0.400000 0.292500 0.155000 0.240000
0 0.187500 0.331250 0.160000 0.132500
0 0.157500 0.152500 0.210000 0.250000
0 0.435000 0.943750 0.110000 0.097500
0 0.717500 0.912500 0.190000 0.175000
0 0.267500 0.915000 0.130000 0.170000
0 0.493750 0.561250 0.207500 0.227500
0 0.258750 0.590000 0.142500 0.190000
