0 0.670000 0.090000 0.070000 0.065000
0 0.963750 0.322500 0.072500 0.110000
0 0.255000 0.293750 0.145000 0.127500
0 0.378750 0.321250 0.107500 0.082500
0 0.196250 0.137500 0.097500 0.120000
0 0.796250 0.356250 0.272500 0.192500
0 0.755000 0.972500 0.115000 0.055000
0 0.910000 0.940000 0.180000 0.120000
0 0.512500 0.412500 0.105000 0.110000
0 0.500000 0.487500 0.040000 0.045000
0 0.772500 0.772500 0.080000 0.070000
0 0.775000 0.885000 0.110000 0.120000
0 0.936250 0.813750 0.127500 0.117500
0 0.257500 0.618750 0.095000 0.072500
0 0.396250 0.431250 0.147500 0.167500
0 0.655000 0.766250 0.150000 0.147500
0 0.622500 0.918750 0.170000 0.162500
0 0.637500 0.641250 0.095000 0.082500
0 0.513750 0.681250 0.132500 0.132500
0 0.616250 0.418750 0.097500 0.077500
0 0.455000 0.575000 0.080000 0.080000
0 0.133750 0.915000 0.262500 0.170000
0 0.912500 0.671250 0.170000 0.167500
0 0.583750 0.532500 0.142500 0.135000
0 0.915000 0.170000 0.170000 0.165000
0 0.278750 0.688750 0.077500 0.082500
0 0.131250 0.700000 0.207500 0.230000
0 0.041250 0.491250 0.077500 0.172500
0 0.212500 0.472500 0.250000 0.220000
0 0.771250 0.073750 0.172500 0.142500
0 0.546250 0.188750 0.092500 0.092500
0 0.470000 0.933750 0.120000 0.132500
0 0.295000 0.176250 0.100000 0.112500
0 0.748750 0.513750 0.157500 0.162500
0 0.906250 0.530000 0.147500 0.135000
0 0.755000 0.665000 0.140000 0.135000
0 0.582500 0.310000 0.165000 0.145000
0 0.307500 0.055000 0.140000 0.100000
0 0.435000 0.170000 0.140000 0.140000
0 0.467500 0.041250 0.085000 0.077500
0 0.576250 0.057500 0.107500 0.110000
0 0.722500 0.201250 0.135000 0.107500
0 0.355000 0.838750 0.195000 0.162500
0 0.061250 0.091250 0.117500 0.177500
0 0.090000 0.266250 0.175000 0.197500
0 0.457500 0.282500 0.080000 0.090000
0 0.375000 0.678750 0.115000 0.142500
