0 0.533750 0.250000 0.182500 0.165000
0 0.858750 0.696250 0.067500 0.077500
0 0.470000 0.583750 0.040000 0.067500
0 0.435000 0.507500 0.065000 0.075000
0 0.383750 0.577500 0.112500 0.120000
0 0.951250 0.285000 0.097500 0.105000
0 0.041250 0.538750 0.077500 0.172500
0 0.588750 0.942500 0.077500 0.095000
0 0.377500 0.963750 0.100000 0.072500
0 0.496250 0.951250 0.107500 0.097500
0 0.450000 0.860000 0.115000 0.105000
0 0.572500 0.825000 0.155000 0.150000
0 0.425000 0.736250 0.140000 0.132500
0 0.715000 0.207500 0.165000 0.150000
0 0.741250 0.062500 0.187500 0.120000
0 0.880000 0.605000 0.070000 0.105000
0 0.925000 0.467500 0.150000 0.170000
0 0.550000 0.652500 0.150000 0.150000
0 0.278750 0.708750 0.117500 0.132500
0 0.945000 0.942500 0.105000 0.115000
0 0.956250 0.658750 0.087500 0.092500
0 0.932500 0.772500 0.110000 0.125000
0 0.932500 0.065000 0.135000 0.125000
0 0.870000 0.232500 0.130000 0.185000
0 0.328750 0.062500 0.117500 0.120000
0 0.065000 0.382500 0.095000 0.105000
0 0.043750 0.682500 0.082500 0.120000
0 0.152500 0.518750 0.075000 0.062500
0 0.127500 0.581250 0.125000 0.097500
0 0.465000 0.082500 0.120000 0.135000
0 0.152500 0.697500 0.130000 0.140000
0 0.581250 0.102500 0.087500 0.110000
0 0.365000 0.192500 0.135000 0.120000
0 0.726250 0.948750 0.177500 0.102500
0 0.338750 0.453750 0.122500 0.122500
0 0.241250 0.935000 0.122500 0.105000
0 0.122500 0.943750 0.130000 0.112500
0 0.048750 0.811250 0.092500 0.137500
0 0.145000 0.096250 0.120000 0.127500
0 0.038750 0.262500 0.072500 0.150000
0 0.521250 0.548750 0.077500 0.062500
0 0.332500 0.633750 0.075000 0.077500
0 0.198750 0.428750 0.152500 0.117500
0 0.247500 0.543750 0.105000 0.117500
0 0.768750 0.773750 0.167500 0.122500
0 0.332500 0.847500 0.130000 0.150000
0 0.538750 0.416250 0.162500 0.152500
0 0.178750 0.825000 0.077500 0.090000
0 0.348750 0.318750 0.137500 0.127500
0 0.675000 0.503750 0.130000 0.112500
0 0.743750 0.626250 0.152500 0.137500
0 0.750000 0.373750 0.150000 0.182500
0 0.220000 0.271250 0.105000 0.117500
