0 0.262500 0.190000 0.045000 0.045000
0 0.235000 0.240000 0.040000 0.045000
0 0.570000 0.768750 0.200000 0.172500
0 0.871250 0.213750 0.122500 0.082500
0 0.431250 0.457500 0.057500 0.060000
0 0.595000 0.075000 0.070000 0.065000
0 0.217500 0.642500 0.140000 0.080000
0 0.272500 0.726250 0.085000 0.077500
0 0.181250 0.730000 0.092500 0.120000
0 0.158750 0.493750 0.162500 0.202500
0 0.083750 0.742500 0.092500 0.075000
0 0.160000 0.861250 0.100000 0.127500
0 0.968750 0.857500 0.062500 0.080000
0 0.975000 0.421250 0.050000 0.172500
0 0.257500 0.043750 0.105000 0.082500
0 0.356250 0.032500 0.087500 0.060000
0 0.420000 0.527500 0.060000 0.060000
0 0.963750 0.280000 0.072500 0.105000
0 0.941250 0.555000 0.067500 0.085000
0 0.037500 0.681250 0.070000 0.072500
0 0.027500 0.566250 0.050000 0.132500
0 0.120000 0.071250 0.150000 0.137500
0 0.046250 0.931250 0.087500 0.132500
0 0.046250 0.807500 0.087500 0.090000
0 0.625000 0.955000 0.090000 0.090000
0 0.698750 0.936250 0.067500 0.082500
0 0.945000 0.950000 0.110000 0.100000
0 0.372500 0.752500 0.165000 0.175000
0 0.740000 0.848750 0.090000 0.072500
0 0.807500 0.932500 0.170000 0.135000
0 0.608750 0.645000 0.082500 0.070000
0 0.723750 0.701250 0.167500 0.217500
0 0.301250 0.906250 0.202500 0.187500
0 0.313750 0.626250 0.067500 0.052500
0 0.962500 0.191250 0.075000 0.072500
0 0.846250 0.561250 0.047500 0.057500
0 0.958750 0.750000 0.082500 0.115000
0 0.435000 0.902500 0.070000 0.090000
0 0.285000 0.443750 0.065000 0.067500
0 0.850000 0.127500 0.110000 0.105000
0 0.721250 0.316250 0.072500 0.062500
0 0.066250 0.213750 0.062500 0.082500
0 0.046250 0.443750 0.087500 0.112500
0 0.107500 0.653750 0.095000 0.097500
0 0.971250 0.647500 0.057500 0.070000
0 0.405000 0.222500 0.070000 0.080000
0 0.481250 0.657500 0.077500 0.075000
0 0.163750 0.206250 0.097500 0.087500
0 0.961250 0.095000 0.077500 0.120000
0 0.328750 0.355000 0.067500 0.065000
0 0.658750 0.038750 0.087500 0.067500
0 0.597500 0.507500 0.270000 0.185000
0 0.783750 0.403750 0.127500 0.132500
0 0.900000 0.443750 0.105000 0.122500
0 0.831250 0.655000 0.062500 0.085000
0 0.893750 0.608750 0.067500 0.087500
0 0.412500 0.598750 0.095000 0.082500
0 0.178750 0.330000 0.182500 0.140000
0 0.541250 0.917500 0.102500 0.105000
0 0.486250 0.108750 0.177500 0.137500
0 0.746250 0.043750 0.092500 0.082500
0 0.113750 0.962500 0.072500 0.075000
0 0.306250 0.540000 0.142500 0.125000
0 0.337500 0.126250 0.110000 0.112500
0 0.493750 0.982500 0.087500 0.035000
0 0.043750 0.313750 0.082500 0.067500
0 0.371250 0.418750 0.072500 0.082500
0 0.543750 0.273750 0.202500 0.187500
0 0.720000 0.181250 0.170000 0.167500
0 0.447500 0.387500 0.065000 0.065000
0 0.837500 0.811250 0.085000 0.087500
0 0.837500 0.056250 0.075000 0.062500
0 0.545000 0.400000 0.095000 0.060000
0 0.320000 0.238750 0.095000 0.127500
0 0.393750 0.342500 0.067500 0.075000
0 0.791250 0.506250 0.072500 0.082500
0 0.877500 0.313750 0.120000 0.107500
