0 0.023750 0.805000 0.042500 0.085000
0 0.975000 0.133750 0.050000 0.042500
0 0.965000 0.685000 0.070000 0.085000
0 0.811250 0.955000 0.132500 0.090000
0 0.883750 0.523750 0.217500 0.212500
0 0.676250 0.841250 0.067500 0.062500
0 0.845000 0.275000 0.125000 0.135000
0 0.736250 0.376250 0.157500 0.152500
0 0.860000 0.375000 0.075000 0.060000
0 0.447500 0.857500 0.120000 0.110000
0 0.568750 0.832500 0.122500 0.100000
0 0.090000 0.061250 0.175000 0.117500
0 0.146250 0.157500 0.102500 0.085000
0 0.151250 0.505000 0.097500 0.090000
0 0.706250 0.746250 0.097500 0.102500
0 0.563750 0.147500 0.097500 0.100000
0 0.943750 0.951250 0.112500 0.097500
0 0.113750 0.916250 0.142500 0.122500
0 0.167500 0.417500 0.090000 0.110000
0 0.055000 0.566250 0.105000 0.237500
0 0.157500 0.603750 0.110000 0.102500
0 0.138750 0.753750 0.172500 0.167500
0 0.282500 0.675000 0.140000 0.145000
0 0.285000 0.867500 0.185000 0.215000
0 0.631250 0.936250 0.202500 0.127500
0 0.760000 0.857500 0.115000 0.110000
0 0.041250 0.223750 0.077500 0.207500
0 0.082500 0.373750 0.095000 0.102500
0 0.452500 0.736250 0.160000 0.137500
0 0.648750 0.666250 0.117500 0.107500
0 0.925000 0.842500 0.150000 0.135000
0 0.825000 0.048750 0.125000 0.092500
0 0.942500 0.045000 0.105000 0.085000
0 0.578750 0.731250 0.087500 0.092500
0 0.240000 0.105000 0.135000 0.125000
0 0.191250 0.268750 0.162500 0.147500
0 0.246250 0.396250 0.117500 0.127500
0 0.247500 0.520000 0.125000 0.100000
0 0.373750 0.571250 0.177500 0.137500
0 0.713750 0.253750 0.122500 0.112500
0 0.590000 0.055000 0.140000 0.105000
0 0.448750 0.175000 0.122500 0.120000
0 0.377500 0.422500 0.130000 0.140000
0 0.550000 0.325000 0.200000 0.230000
0 0.836250 0.703750 0.167500 0.137500
0 0.405000 0.055000 0.155000 0.105000
0 0.468750 0.953750 0.152500 0.092500
0 0.727500 0.597500 0.115000 0.125000
0 0.948750 0.336250 0.102500 0.112500
0 0.963750 0.210000 0.072500 0.100000
0 0.708750 0.058750 0.097500 0.102500
0 0.800000 0.155000 0.125000 0.130000
0 0.410000 0.290000 0.115000 0.115000
0 0.550000 0.527500 0.165000 0.185000
