0 0.805000 0.248750 0.035000 0.042500
0 0.852500 0.171250 0.045000 0.047500
0 0.287500 0.950000 0.045000 0.040000
0 0.250000 0.055000 0.035000 0.035000
0 0.576250 0.383750 0.037500 0.042500
0 0.325000 0.013750 0.030000 0.022500
0 0.798750 0.313750 0.037500 0.042500
0 0.138750 0.286250 0.037500 0.037500
0 0.106250 0.033750 0.022500 0.017500
0 0.132500 0.033750 0.035000 0.032500
0 0.571250 0.267500 0.027500 0.020000
0 0.528750 0.218750 0.027500 0.027500
0 0.462500 0.208750 0.015000 0.022500
0 0.910000 0.987500 0.030000 0.020000
0 0.966250 0.955000 0.022500 0.025000
0 0.973750 0.908750 0.032500 0.032500
0 0.036250 0.315000 0.037500 0.030000
0 0.287500 0.068750 0.030000 0.037500
0 0.127500 0.975000 0.065000 0.050000
0 0.855000 0.388750 0.060000 0.047500
0 0.021250 0.151250 0.037500 0.057500
0 0.616250 0.758750 0.042500 0.042500
0 0.968750 0.211250 0.062500 0.047500
0 0.722500 0.981250 0.050000 0.037500
0 0.962500 0.026250 0.060000 0.047500
0 0.325000 0.981250 0.055000 0.037500
0 0.416250 0.963750 0.067500 0.067500
0 0.158750 0.031250 0.032500 0.052500
0 0.031250 0.251250 0.057500 0.077500
0 0.888750 0.945000 0.032500 0.030000
0 0.981250 0.803750 0.037500 0.047500
0 0.941250 0.677500 0.067500 0.060000
0 0.417500 0.030000 0.055000 0.055000
0 0.783750 0.217500 0.032500 0.045000
0 0.843750 0.433750 0.042500 0.042500
0 0.810000 0.426250 0.035000 0.042500
0 0.330000 0.081250 0.050000 0.042500
0 0.078750 0.117500 0.037500 0.045000
0 0.022500 0.738750 0.040000 0.052500
0 0.718750 0.850000 0.077500 0.090000
0 0.977500 0.450000 0.045000 0.035000
0 0.982500 0.491250 0.035000 0.042500
0 0.973750 0.520000 0.047500 0.040000
0 0.941250 0.550000 0.057500 0.045000
0 0.952500 0.611250 0.075000 0.057500
0 0.892500 0.796250 0.050000 0.052500
0 0.840000 0.807500 0.050000 0.060000
0 0.212500 0.940000 0.080000 0.075000
0 0.158750 0.862500 0.087500 0.085000
0 0.280000 0.288750 0.040000 0.037500
0 0.347500 0.140000 0.075000 0.075000
0 0.947500 0.158750 0.040000 0.052500
0 0.902500 0.161250 0.050000 0.042500
0 0.871250 0.225000 0.087500 0.060000
0 0.971250 0.283750 0.057500 0.087500
0 0.983750 0.403750 0.032500 0.032500
0 0.477500 0.380000 0.035000 0.035000
0 0.347500 0.511250 0.070000 0.067500
0 0.443750 0.442500 0.097500 0.080000
0 0.358750 0.437500 0.077500 0.070000
0 0.446250 0.523750 0.062500 0.062500
0 0.393750 0.551250 0.052500 0.062500
0 0.440000 0.317500 0.060000 0.050000
0 0.768750 0.636250 0.057500 0.057500
0 0.622500 0.498750 0.035000 0.052500
0 0.580000 0.503750 0.060000 0.052500
0 0.567500 0.576250 0.060000 0.072500
0 0.627500 0.565000 0.065000 0.070000
0 0.515000 0.046250 0.050000 0.052500
0 0.357500 0.042500 0.040000 0.040000
0 0.293750 0.191250 0.057500 0.057500
0 0.158750 0.097500 0.042500 0.055000
0 0.118750 0.078750 0.037500 0.052500
0 0.667500 0.475000 0.050000 0.075000
0 0.646250 0.718750 0.042500 0.037500
0 0.651250 0.667500 0.047500 0.045000
0 0.700000 0.640000 0.040000 0.050000
0 0.677500 0.881250 0.035000 0.047500
0 0.612500 0.897500 0.035000 0.045000
0 0.517500 0.842500 0.050000 0.065000
0 0.535000 0.797500 0.035000 0.040000
0 0.460000 0.842500 0.040000 0.050000
0 0.121250 0.373750 0.052500 0.057500
0 0.232500 0.228750 0.065000 0.062500
0 0.638750 0.051250 0.057500 0.062500
0 0.823750 0.121250 0.042500 0.047500
0 0.716250 0.467500 0.042500 0.050000
0 0.220000 0.370000 0.050000 0.055000
0 0.595000 0.691250 0.060000 0.057500
0 0.435000 0.905000 0.040000 0.045000
0 0.296250 0.881250 0.042500 0.042500
0 0.355000 0.693750 0.040000 0.037500
0 0.371250 0.636250 0.072500 0.082500
0 0.472500 0.642500 0.045000 0.045000
0 0.415000 0.741250 0.035000 0.027500
0 0.422500 0.795000 0.035000 0.030000
0 0.325000 0.820000 0.045000 0.055000
0 0.390000 0.826250 0.035000 0.052500
0 0.511250 0.913750 0.032500 0.027500
0 0.572500 0.942500 0.030000 0.035000
0 0.645000 0.952500 0.040000 0.050000
0 0.798750 0.727500 0.042500 0.040000
0 0.853750 0.758750 0.037500 0.037500
0 0.900000 0.870000 0.055000 0.075000
0 0.126250 0.317500 0.032500 0.045000
0 0.018750 0.508750 0.032500 0.057500
0 0.063750 0.490000 0.037500 0.060000
0 0.103750 0.638750 0.037500 0.047500
0 0.092500 0.680000 0.035000 0.040000
0 0.710000 0.175000 0.105000 0.070000
0 0.697500 0.242500 0.105000 0.060000
0 0.776250 0.462500 0.067500 0.060000
0 0.765000 0.532500 0.080000 0.080000
0 0.762500 0.691250 0.050000 0.047500
0 0.791250 0.765000 0.037500 0.030000
0 0.307500 0.682500 0.055000 0.065000
0 0.418750 0.697500 0.057500 0.065000
0 0.865000 0.098750 0.035000 0.032500
0 0.677500 0.118750 0.055000 0.052500
0 0.778750 0.120000 0.047500 0.045000
0 0.715000 0.420000 0.040000 0.045000
0 0.625000 0.821250 0.060000 0.072500
0 0.373750 0.736250 0.037500 0.037500
0 0.365000 0.765000 0.040000 0.030000
0 0.320000 0.755000 0.035000 0.045000
0 0.285000 0.775000 0.035000 0.045000
0 0.100000 0.422500 0.040000 0.040000
0 0.152500 0.465000 0.100000 0.100000
0 0.628750 0.260000 0.042500 0.050000
0 0.647500 0.313750 0.075000 0.057500
0 0.723750 0.306250 0.037500 0.047500
0 0.771250 0.271250 0.037500 0.047500
0 0.430000 0.092500 0.060000 0.055000
0 0.433750 0.156250 0.052500 0.062500
0 0.302500 0.331250 0.050000 0.047500
0 0.901250 0.746250 0.037500 0.042500
0 0.708750 0.686250 0.047500 0.052500
0 0.668750 0.382500 0.047500 0.060000
0 0.867500 0.292500 0.050000 0.050000
0 0.816250 0.356250 0.037500 0.037500
0 0.760000 0.385000 0.050000 0.050000
0 0.487500 0.316250 0.050000 0.037500
0 0.521250 0.376250 0.052500 0.052500
0 0.546250 0.436250 0.062500 0.047500
0 0.507500 0.530000 0.050000 0.060000
0 0.460000 0.577500 0.055000 0.055000
0 0.290000 0.560000 0.080000 0.080000
0 0.226250 0.643750 0.062500 0.057500
