0 0.831250 0.816250 0.037500 0.042500
0 0.550000 0.121250 0.035000 0.042500
0 0.173750 0.021250 0.047500 0.037500
0 0.376250 0.755000 0.032500 0.035000
0 0.108750 0.163750 0.047500 0.042500
0 0.248750 0.275000 0.047500 0.045000
0 0.366250 0.321250 0.027500 0.037500
0 0.037500 0.931250 0.065000 0.062500
0 0.165000 0.090000 0.050000 0.070000
0 0.335000 0.656250 0.030000 0.037500
0 0.162500 0.768750 0.050000 0.042500
0 0.372500 0.221250 0.050000 0.042500
0 0.970000 0.751250 0.035000 0.042500
0 0.027500 0.865000 0.050000 0.060000
0 0.032500 0.795000 0.060000 0.060000
0 0.110000 0.112500 0.045000 0.050000
0 0.023750 0.233750 0.042500 0.047500
0 0.106250 0.297500 0.072500 0.065000
0 0.987500 0.711250 0.025000 0.042500
0 0.977500 0.062500 0.045000 0.055000
0 0.913750 0.083750 0.047500 0.042500
0 0.932500 0.051250 0.040000 0.042500
0 0.698750 0.053750 0.042500 0.042500
0 0.568750 0.031250 0.042500 0.042500
0 0.557500 0.078750 0.050000 0.047500
0 0.811250 0.975000 0.057500 0.050000
0 0.346250 0.791250 0.052500 0.042500
0 0.333750 0.838750 0.072500 0.047500
0 0.582500 0.755000 0.050000 0.050000
0 0.642500 0.830000 0.050000 0.060000
0 0.592500 0.852500 0.060000 0.075000
0 0.560000 0.807500 0.050000 0.050000
0 0.712500 0.912500 0.060000 0.080000
0 0.681250 0.952500 0.042500 0.040000
0 0.776250 0.753750 0.042500 0.047500
0 0.683750 0.792500 0.042500 0.045000
0 0.556250 0.717500 0.042500 0.045000
0 0.551250 0.657500 0.027500 0.030000
0 0.563750 0.615000 0.052500 0.055000
0 0.262500 0.118750 0.035000 0.037500
0 0.258750 0.085000 0.027500 0.025000
0 0.268750 0.178750 0.057500 0.057500
0 0.147500 0.533750 0.050000 0.057500
0 0.390000 0.632500 0.025000 0.025000
0 0.383750 0.607500 0.037500 0.025000
0 0.378750 0.570000 0.047500 0.035000
0 0.418750 0.680000 0.062500 0.080000
0 0.625000 0.786250 0.035000 0.037500
0 0.621250 0.427500 0.097500 0.080000
0 0.965000 0.468750 0.035000 0.037500
0 0.976250 0.351250 0.027500 0.032500
0 0.921250 0.515000 0.027500 0.030000
0 0.867500 0.530000 0.030000 0.045000
0 0.906250 0.555000 0.047500 0.050000
0 0.732500 0.735000 0.030000 0.030000
0 0.718750 0.766250 0.037500 0.047500
0 0.755000 0.801250 0.040000 0.047500
0 0.807500 0.848750 0.040000 0.037500
0 0.932500 0.776250 0.035000 0.042500
0 0.970000 0.892500 0.045000 0.040000
0 0.975000 0.847500 0.035000 0.045000
0 0.880000 0.950000 0.035000 0.045000
0 0.890000 0.901250 0.045000 0.042500
0 0.302500 0.886250 0.065000 0.047500
0 0.222500 0.712500 0.075000 0.085000
0 0.030000 0.676250 0.055000 0.037500
0 0.020000 0.720000 0.035000 0.040000
0 0.346250 0.480000 0.037500 0.045000
0 0.303750 0.498750 0.047500 0.057500
0 0.347500 0.445000 0.045000 0.040000
0 0.390000 0.445000 0.035000 0.035000
0 0.281250 0.423750 0.047500 0.052500
0 0.233750 0.420000 0.052500 0.050000
0 0.230000 0.468750 0.045000 0.047500
0 0.038750 0.056250 0.062500 0.057500
0 0.033750 0.111250 0.062500 0.052500
0 0.410000 0.852500 0.055000 0.060000
0 0.363750 0.360000 0.052500 0.035000
0 0.367500 0.400000 0.045000 0.040000
0 0.823750 0.066250 0.047500 0.052500
0 0.775000 0.085000 0.055000 0.065000
0 0.235000 0.366250 0.055000 0.047500
0 0.876250 0.046250 0.047500 0.042500
0 0.555000 0.357500 0.035000 0.040000
0 0.903750 0.803750 0.032500 0.047500
0 0.713750 0.100000 0.032500 0.045000
0 0.350000 0.172500 0.060000 0.060000
0 0.190000 0.252500 0.050000 0.050000
0 0.520000 0.666250 0.035000 0.042500
0 0.752500 0.578750 0.045000 0.052500
0 0.791250 0.591250 0.047500 0.057500
0 0.900000 0.496250 0.035000 0.037500
0 0.858750 0.466250 0.037500 0.042500
0 0.866250 0.400000 0.057500 0.055000
0 0.926250 0.386250 0.027500 0.042500
0 0.925000 0.343750 0.040000 0.037500
0 0.933750 0.215000 0.047500 0.055000
0 0.967500 0.182500 0.055000 0.050000
0 0.885000 0.190000 0.050000 0.045000
0 0.896250 0.240000 0.032500 0.030000
0 0.906250 0.286250 0.037500 0.037500
0 0.845000 0.233750 0.055000 0.052500
0 0.751250 0.180000 0.022500 0.025000
0 0.682500 0.168750 0.035000 0.052500
0 0.622500 0.247500 0.045000 0.055000
0 0.571250 0.320000 0.052500 0.040000
0 0.791250 0.433750 0.042500 0.037500
0 0.897500 0.456250 0.045000 0.042500
0 0.831250 0.651250 0.032500 0.032500
0 0.813750 0.663750 0.027500 0.027500
0 0.788750 0.668750 0.027500 0.042500
0 0.750000 0.690000 0.035000 0.030000
0 0.750000 0.656250 0.045000 0.037500
0 0.541250 0.478750 0.067500 0.062500
0 0.493750 0.522500 0.062500 0.060000
0 0.058750 0.383750 0.027500 0.032500
0 0.087500 0.401250 0.035000 0.032500
0 0.103750 0.441250 0.037500 0.052500
0 0.148750 0.441250 0.047500 0.052500
0 0.098750 0.846250 0.037500 0.032500
0 0.125000 0.812500 0.040000 0.035000
0 0.888750 0.848750 0.037500 0.037500
0 0.582500 0.267500 0.025000 0.030000
0 0.551250 0.276250 0.037500 0.032500
0 0.638750 0.175000 0.037500 0.035000
0 0.726250 0.207500 0.037500 0.045000
0 0.698750 0.246250 0.047500 0.042500
0 0.687500 0.325000 0.065000 0.070000
0 0.775000 0.318750 0.070000 0.062500
0 0.763750 0.248750 0.037500 0.052500
0 0.848750 0.296250 0.047500 0.047500
0 0.793750 0.182500 0.042500 0.040000
0 0.186250 0.185000 0.047500 0.050000
0 0.546250 0.242500 0.037500 0.035000
0 0.575000 0.196250 0.055000 0.052500
0 0.923750 0.608750 0.042500 0.062500
0 0.811250 0.896250 0.042500 0.042500
0 0.525000 0.947500 0.070000 0.085000
0 0.272500 0.538750 0.035000 0.032500
0 0.246250 0.581250 0.032500 0.037500
0 0.248750 0.632500 0.032500 0.030000
0 0.513750 0.281250 0.037500 0.032500
0 0.505000 0.327500 0.060000 0.055000
0 0.436250 0.343750 0.057500 0.062500
0 0.371250 0.263750 0.052500 0.047500
0 0.327500 0.318750 0.045000 0.052500
0 0.326250 0.565000 0.037500 0.045000
0 0.723750 0.448750 0.047500 0.057500
0 0.690000 0.691250 0.055000 0.062500
0 0.475000 0.667500 0.050000 0.050000
