0 0.535000 0.506250 0.040000 0.052500
0 0.352500 0.045000 0.055000 0.055000
0 0.668750 0.066250 0.027500 0.037500
0 0.435000 0.325000 0.045000 0.050000
0 0.376250 0.275000 0.052500 0.060000
0 0.428750 0.268750 0.057500 0.062500
0 0.622500 0.625000 0.045000 0.045000
0 0.692500 0.292500 0.055000 0.055000
0 0.650000 0.346250 0.055000 0.042500
0 0.645000 0.756250 0.035000 0.032500
0 0.112500 0.185000 0.045000 0.050000
0 0.352500 0.658750 0.045000 0.047500
0 0.450000 0.168750 0.045000 0.037500
0 0.932500 0.777500 0.035000 0.040000
0 0.091250 0.052500 0.047500 0.040000
0 0.702500 0.053750 0.040000 0.037500
0 0.692500 0.343750 0.045000 0.052500
0 0.540000 0.020000 0.045000 0.035000
0 0.338750 0.308750 0.047500 0.062500
0 0.390000 0.326250 0.040000 0.037500
0 0.390000 0.207500 0.070000 0.055000
0 0.342500 0.168750 0.040000 0.042500
0 0.050000 0.736250 0.045000 0.047500
0 0.073750 0.833750 0.052500 0.032500
0 0.743750 0.846250 0.032500 0.017500
0 0.028750 0.822500 0.052500 0.075000
0 0.667500 0.233750 0.045000 0.047500
0 0.765000 0.171250 0.055000 0.052500
0 0.885000 0.112500 0.055000 0.045000
0 0.930000 0.991250 0.040000 0.017500
0 0.538750 0.985000 0.027500 0.030000
0 0.268750 0.085000 0.052500 0.060000
0 0.016250 0.133750 0.027500 0.032500
0 0.070000 0.182500 0.040000 0.055000
0 0.022500 0.555000 0.040000 0.050000
0 0.235000 0.811250 0.055000 0.052500
0 0.135000 0.952500 0.090000 0.095000
0 0.622500 0.966250 0.070000 0.052500
0 0.710000 0.971250 0.070000 0.057500
0 0.778750 0.638750 0.042500 0.042500
0 0.075000 0.518750 0.080000 0.102500
0 0.170000 0.471250 0.065000 0.047500
0 0.242500 0.566250 0.075000 0.077500
0 0.290000 0.661250 0.060000 0.072500
0 0.340000 0.592500 0.065000 0.075000
0 0.112500 0.335000 0.030000 0.040000
0 0.045000 0.022500 0.080000 0.040000
0 0.143750 0.095000 0.062500 0.065000
0 0.171250 0.040000 0.067500 0.045000
0 0.207500 0.195000 0.060000 0.080000
0 0.597500 0.383750 0.050000 0.042500
0 0.601250 0.320000 0.047500 0.055000
0 0.895000 0.051250 0.065000 0.067500
0 0.036250 0.950000 0.067500 0.100000
0 0.240000 0.968750 0.035000 0.027500
0 0.212500 0.720000 0.050000 0.070000
0 0.236250 0.672500 0.047500 0.040000
0 0.402500 0.097500 0.025000 0.020000
0 0.403750 0.022500 0.042500 0.040000
0 0.285000 0.028750 0.065000 0.052500
0 0.258750 0.155000 0.072500 0.060000
0 0.970000 0.033750 0.060000 0.062500
0 0.975000 0.977500 0.050000 0.045000
0 0.816250 0.968750 0.062500 0.062500
0 0.575000 0.763750 0.055000 0.057500
0 0.576250 0.846250 0.082500 0.067500
0 0.623750 0.901250 0.052500 0.047500
0 0.147500 0.725000 0.050000 0.060000
0 0.450000 0.670000 0.040000 0.035000
0 0.455000 0.753750 0.080000 0.082500
0 0.641250 0.026250 0.042500 0.047500
0 0.641250 0.170000 0.067500 0.070000
0 0.731250 0.105000 0.047500 0.040000
0 0.793750 0.067500 0.062500 0.080000
0 0.838750 0.112500 0.037500 0.035000
0 0.942500 0.132500 0.050000 0.065000
0 0.752500 0.465000 0.055000 0.065000
0 0.817500 0.603750 0.030000 0.022500
0 0.806250 0.763750 0.057500 0.047500
0 0.750000 0.782500 0.045000 0.035000
0 0.766250 0.816250 0.022500 0.032500
0 0.781250 0.842500 0.027500 0.025000
0 0.807500 0.826250 0.035000 0.062500
0 0.555000 0.075000 0.065000 0.070000
0 0.476250 0.106250 0.057500 0.062500
0 0.393750 0.148750 0.052500 0.062500
0 0.181250 0.410000 0.067500 0.065000
0 0.071250 0.615000 0.052500 0.055000
0 0.160000 0.661250 0.045000 0.052500
0 0.276250 0.731250 0.032500 0.037500
0 0.150000 0.860000 0.090000 0.095000
0 0.356250 0.970000 0.092500 0.060000
0 0.370000 0.902500 0.070000 0.060000
0 0.436250 0.876250 0.037500 0.037500
0 0.367500 0.817500 0.060000 0.055000
0 0.075000 0.116250 0.055000 0.062500
0 0.155000 0.178750 0.045000 0.047500
0 0.137500 0.292500 0.045000 0.050000
0 0.203750 0.277500 0.082500 0.080000
0 0.022500 0.412500 0.040000 0.075000
0 0.073750 0.425000 0.042500 0.045000
0 0.112500 0.403750 0.050000 0.052500
0 0.086250 0.673750 0.057500 0.052500
0 0.533750 0.175000 0.062500 0.055000
0 0.485000 0.225000 0.045000 0.050000
0 0.666250 0.108750 0.032500 0.042500
0 0.966250 0.227500 0.067500 0.090000
0 0.928750 0.728750 0.057500 0.047500
0 0.722500 0.775000 0.030000 0.025000
0 0.733750 0.822500 0.027500 0.020000
0 0.808750 0.886250 0.037500 0.047500
0 0.696250 0.468750 0.052500 0.062500
0 0.793750 0.361250 0.052500 0.067500
0 0.646250 0.291250 0.042500 0.047500
0 0.600000 0.247500 0.055000 0.050000
0 0.545000 0.300000 0.055000 0.065000
0 0.365000 0.391250 0.055000 0.057500
0 0.275000 0.392500 0.060000 0.070000
0 0.325000 0.493750 0.060000 0.062500
0 0.392500 0.488750 0.060000 0.077500
0 0.423750 0.601250 0.057500 0.067500
0 0.482500 0.595000 0.045000 0.050000
0 0.532500 0.605000 0.045000 0.055000
0 0.498750 0.688750 0.047500 0.057500
0 0.275000 0.906250 0.055000 0.047500
0 0.506250 0.921250 0.062500 0.057500
0 0.501250 0.440000 0.047500 0.055000
0 0.495000 0.493750 0.045000 0.057500
0 0.642500 0.385000 0.060000 0.040000
0 0.720000 0.202500 0.025000 0.035000
0 0.753750 0.235000 0.042500 0.040000
0 0.843750 0.308750 0.037500 0.052500
0 0.780000 0.283750 0.045000 0.062500
0 0.961250 0.517500 0.077500 0.060000
0 0.836250 0.693750 0.052500 0.057500
0 0.778750 0.692500 0.057500 0.065000
0 0.725000 0.696250 0.055000 0.062500
0 0.666250 0.727500 0.042500 0.045000
0 0.457500 0.927500 0.055000 0.050000
0 0.681250 0.877500 0.052500 0.050000
0 0.733750 0.915000 0.052500 0.040000
0 0.906250 0.908750 0.052500 0.052500
0 0.977500 0.868750 0.040000 0.042500
0 0.630000 0.815000 0.050000 0.055000
0 0.911250 0.171250 0.042500 0.062500
0 0.896250 0.676250 0.037500 0.042500
0 0.726250 0.557500 0.057500 0.085000
0 0.665000 0.606250 0.070000 0.097500
0 0.960000 0.643750 0.070000 0.077500
0 0.937500 0.396250 0.070000 0.092500
0 0.838750 0.516250 0.077500 0.092500
