0 0.045000 0.440000 0.035000 0.030000
0 0.546250 0.165000 0.042500 0.045000
0 0.542500 0.262500 0.040000 0.050000
0 0.722500 0.542500 0.045000 0.050000
0 0.363750 0.715000 0.047500 0.040000
0 0.197500 0.838750 0.040000 0.037500
0 0.917500 0.503750 0.040000 0.047500
0 0.980000 0.563750 0.040000 0.032500
0 0.903750 0.420000 0.047500 0.040000
0 0.236250 0.943750 0.032500 0.032500
0 0.288750 0.856250 0.032500 0.032500
0 0.765000 0.603750 0.035000 0.032500
0 0.576250 0.877500 0.027500 0.035000
0 0.586250 0.055000 0.047500 0.055000
0 0.640000 0.031250 0.035000 0.027500
0 0.842500 0.496250 0.035000 0.042500
0 0.480000 0.885000 0.040000 0.045000
0 0.181250 0.537500 0.047500 0.045000
0 0.960000 0.157500 0.045000 0.040000
0 0.717500 0.203750 0.045000 0.057500
0 0.287500 0.342500 0.070000 0.060000
0 0.618750 0.568750 0.057500 0.052500
0 0.605000 0.722500 0.045000 0.045000
0 0.237500 0.513750 0.045000 0.047500
0 0.093750 0.222500 0.057500 0.045000
0 0.908750 0.647500 0.057500 0.065000
0 0.035000 0.235000 0.035000 0.035000
0 0.047500 0.148750 0.050000 0.077500
0 0.866250 0.047500 0.107500 0.090000
0 0.748750 0.911250 0.047500 0.057500
0 0.750000 0.968750 0.050000 0.052500
0 0.110000 0.412500 0.050000 0.045000
0 0.272500 0.905000 0.065000 0.065000
0 0.192500 0.932500 0.035000 0.035000
0 0.973750 0.277500 0.052500 0.055000
0 0.926250 0.313750 0.062500 0.052500
0 0.212500 0.797500 0.055000 0.055000
0 0.788750 0.168750 0.097500 0.067500
0 0.712500 0.271250 0.065000 0.067500
0 0.968750 0.853750 0.062500 0.072500
0 0.900000 0.962500 0.075000 0.075000
0 0.966250 0.920000 0.067500 0.065000
0 0.943750 0.715000 0.077500 0.065000
0 0.023750 0.063750 0.042500 0.077500
0 0.200000 0.362500 0.075000 0.085000
0 0.051250 0.715000 0.042500 0.050000
0 0.123750 0.755000 0.052500 0.065000
0 0.048750 0.795000 0.052500 0.065000
0 0.063750 0.953750 0.107500 0.092500
0 0.218750 0.981250 0.067500 0.037500
0 0.416250 0.865000 0.077500 0.080000
0 0.727500 0.342500 0.055000 0.055000
0 0.620000 0.630000 0.085000 0.070000
0 0.653750 0.525000 0.077500 0.085000
0 0.678750 0.718750 0.082500 0.092500
0 0.696250 0.810000 0.117500 0.090000
0 0.807500 0.790000 0.085000 0.070000
0 0.887500 0.855000 0.080000 0.085000
0 0.932500 0.793750 0.065000 0.052500
0 0.136250 0.338750 0.042500 0.052500
0 0.085000 0.325000 0.030000 0.040000
0 0.063750 0.645000 0.052500 0.060000
0 0.173750 0.713750 0.032500 0.037500
0 0.078750 0.862500 0.137500 0.100000
0 0.341250 0.883750 0.072500 0.057500
0 0.640000 0.253750 0.090000 0.107500
0 0.780000 0.243750 0.070000 0.082500
0 0.951250 0.605000 0.057500 0.050000
0 0.031250 0.505000 0.057500 0.090000
0 0.350000 0.966250 0.075000 0.067500
0 0.818750 0.971250 0.067500 0.057500
0 0.672500 0.873750 0.055000 0.052500
0 0.673750 0.958750 0.067500 0.062500
0 0.401250 0.778750 0.082500 0.082500
0 0.702500 0.395000 0.085000 0.080000
0 0.120000 0.080000 0.100000 0.080000
0 0.552500 0.690000 0.060000 0.070000
0 0.467500 0.681250 0.120000 0.122500
0 0.267500 0.968750 0.040000 0.037500
0 0.481250 0.967500 0.067500 0.065000
0 0.965000 0.102500 0.070000 0.070000
0 0.275000 0.435000 0.075000 0.075000
0 0.905000 0.460000 0.050000 0.035000
0 0.877500 0.500000 0.035000 0.045000
0 0.747500 0.106250 0.040000 0.047500
0 0.671250 0.095000 0.077500 0.070000
0 0.565000 0.106250 0.070000 0.042500
0 0.315000 0.255000 0.130000 0.115000
0 0.356250 0.641250 0.087500 0.107500
0 0.981250 0.383750 0.037500 0.062500
0 0.975000 0.511250 0.050000 0.052500
0 0.537500 0.027500 0.040000 0.045000
0 0.703750 0.032500 0.072500 0.055000
0 0.703750 0.155000 0.052500 0.055000
0 0.783750 0.378750 0.047500 0.047500
0 0.118750 0.278750 0.057500 0.062500
0 0.945000 0.210000 0.055000 0.065000
0 0.572500 0.475000 0.105000 0.095000
0 0.832500 0.602500 0.095000 0.110000
0 0.865000 0.780000 0.050000 0.050000
0 0.818750 0.871250 0.052500 0.042500
0 0.528750 0.777500 0.057500 0.055000
0 0.275000 0.048750 0.115000 0.092500
0 0.411250 0.058750 0.107500 0.102500
0 0.317500 0.141250 0.090000 0.087500
0 0.113750 0.156250 0.082500 0.082500
0 0.156250 0.223750 0.042500 0.047500
0 0.171250 0.461250 0.107500 0.107500
0 0.921250 0.552500 0.057500 0.055000
0 0.791250 0.717500 0.052500 0.050000
0 0.571250 0.752500 0.032500 0.030000
0 0.533750 0.881250 0.047500 0.047500
0 0.550000 0.222500 0.060000 0.040000
0 0.490000 0.057500 0.040000 0.035000
0 0.568750 0.342500 0.067500 0.065000
0 0.607500 0.385000 0.050000 0.055000
0 0.518750 0.400000 0.062500 0.055000
0 0.225000 0.161250 0.090000 0.092500
0 0.227500 0.287500 0.050000 0.045000
0 0.308750 0.798750 0.082500 0.072500
0 0.857500 0.131250 0.055000 0.067500
0 0.880000 0.217500 0.065000 0.070000
0 0.710000 0.631250 0.080000 0.097500
0 0.732500 0.476250 0.080000 0.072500
0 0.523750 0.570000 0.082500 0.090000
0 0.100000 0.538750 0.045000 0.042500
0 0.248750 0.681250 0.057500 0.057500
0 0.460000 0.485000 0.090000 0.085000
0 0.491250 0.153750 0.062500 0.067500
0 0.602500 0.152500 0.040000 0.055000
0 0.471250 0.256250 0.062500 0.067500
0 0.451250 0.316250 0.077500 0.057500
0 0.371250 0.402500 0.112500 0.115000
0 0.170000 0.603750 0.080000 0.082500
