0 0.282500 0.743750 0.050000 0.052500
0 0.020000 0.148750 0.035000 0.027500
0 0.367500 0.335000 0.035000 0.040000
0 0.595000 0.840000 0.065000 0.055000
0 0.056250 0.407500 0.082500 0.095000
0 0.307500 0.092500 0.030000 0.025000
0 0.985000 0.127500 0.030000 0.040000
0 0.971250 0.215000 0.027500 0.025000
0 0.021250 0.658750 0.037500 0.067500
0 0.168750 0.718750 0.052500 0.042500
0 0.793750 0.917500 0.017500 0.020000
0 0.983750 0.185000 0.032500 0.040000
0 0.871250 0.233750 0.017500 0.022500
0 0.182500 0.201250 0.025000 0.027500
0 0.452500 0.243750 0.025000 0.032500
0 0.300000 0.056250 0.055000 0.042500
0 0.816250 0.270000 0.037500 0.040000
0 0.021250 0.088750 0.027500 0.017500
0 0.902500 0.041250 0.025000 0.017500
0 0.910000 0.177500 0.025000 0.025000
0 0.193750 0.032500 0.042500 0.040000
0 0.555000 0.016250 0.035000 0.027500
0 0.236250 0.096250 0.037500 0.037500
0 0.281250 0.088750 0.022500 0.027500
0 0.241250 0.066250 0.027500 0.017500
0 0.371250 0.178750 0.052500 0.047500
0 0.326250 0.195000 0.022500 0.020000
0 0.407500 0.265000 0.030000 0.025000
0 0.960000 0.155000 0.025000 0.035000
0 0.852500 0.260000 0.025000 0.035000
0 0.073750 0.672500 0.047500 0.045000
0 0.090000 0.731250 0.045000 0.052500
0 0.027500 0.732500 0.035000 0.055000
0 0.108750 0.608750 0.072500 0.077500
0 0.115000 0.698750 0.040000 0.042500
0 0.180000 0.653750 0.045000 0.037500
0 0.047500 0.492500 0.090000 0.095000
0 0.042500 0.182500 0.025000 0.035000
0 0.061250 0.137500 0.027500 0.040000
0 0.207500 0.133750 0.040000 0.037500
0 0.270000 0.125000 0.040000 0.035000
0 0.180000 0.171250 0.025000 0.022500
0 0.246250 0.203750 0.037500 0.027500
0 0.362500 0.270000 0.025000 0.020000
0 0.352500 0.300000 0.040000 0.025000
0 0.393750 0.132500 0.042500 0.040000
0 0.581250 0.295000 0.027500 0.025000
0 0.558750 0.316250 0.012500 0.022500
0 0.553750 0.341250 0.017500 0.017500
0 0.587500 0.697500 0.035000 0.035000
0 0.653750 0.677500 0.077500 0.080000
0 0.790000 0.948750 0.045000 0.042500
0 0.792500 0.898750 0.030000 0.022500
0 0.795000 0.843750 0.075000 0.087500
0 0.755000 0.891250 0.030000 0.027500
0 0.745000 0.922500 0.025000 0.025000
0 0.663750 0.860000 0.057500 0.055000
0 0.640000 0.918750 0.035000 0.062500
0 0.681250 0.936250 0.037500 0.052500
0 0.600000 0.886250 0.030000 0.037500
0 0.570000 0.918750 0.050000 0.052500
0 0.563750 0.953750 0.047500 0.037500
0 0.730000 0.968750 0.040000 0.037500
0 0.903750 0.965000 0.077500 0.070000
0 0.967500 0.936250 0.065000 0.082500
0 0.475000 0.293750 0.020000 0.027500
0 0.591250 0.163750 0.067500 0.062500
0 0.896250 0.207500 0.037500 0.040000
0 0.227500 0.672500 0.050000 0.045000
0 0.218750 0.721250 0.052500 0.052500
0 0.856250 0.860000 0.042500 0.050000
0 0.873750 0.088750 0.027500 0.037500
0 0.036250 0.252500 0.042500 0.045000
0 0.401250 0.315000 0.047500 0.045000
0 0.607500 0.771250 0.095000 0.077500
0 0.946250 0.265000 0.037500 0.045000
0 0.458750 0.127500 0.047500 0.050000
0 0.641250 0.203750 0.047500 0.047500
0 0.945000 0.742500 0.030000 0.045000
0 0.703750 0.743750 0.067500 0.067500
0 0.685000 0.361250 0.050000 0.047500
0 0.102500 0.116250 0.050000 0.052500
0 0.642500 0.426250 0.055000 0.052500
0 0.716250 0.455000 0.057500 0.045000
0 0.718750 0.520000 0.072500 0.065000
0 0.411250 0.975000 0.057500 0.050000
0 0.295000 0.506250 0.040000 0.032500
0 0.777500 0.111250 0.045000 0.052500
0 0.762500 0.380000 0.050000 0.055000
0 0.806250 0.712500 0.062500 0.065000
0 0.796250 0.572500 0.062500 0.055000
0 0.872500 0.600000 0.045000 0.040000
0 0.162500 0.273750 0.035000 0.042500
0 0.127500 0.363750 0.065000 0.062500
0 0.155000 0.823750 0.065000 0.047500
0 0.208750 0.816250 0.047500 0.052500
0 0.165000 0.771250 0.065000 0.052500
0 0.157500 0.881250 0.085000 0.072500
0 0.232500 0.976250 0.080000 0.047500
0 0.258750 0.912500 0.047500 0.045000
0 0.433750 0.508750 0.117500 0.092500
0 0.382500 0.581250 0.050000 0.047500
0 0.332500 0.663750 0.080000 0.077500
0 0.391250 0.738750 0.037500 0.032500
0 0.321250 0.796250 0.057500 0.062500
0 0.423750 0.851250 0.117500 0.122500
0 0.497500 0.577500 0.090000 0.080000
