0 0.155000 0.048750 0.035000 0.032500
0 0.967500 0.110000 0.035000 0.035000
0 0.271250 0.512500 0.047500 0.045000
0 0.562500 0.017500 0.055000 0.030000
0 0.056250 0.190000 0.037500 0.045000
0 0.972500 0.053750 0.050000 0.052500
0 0.350000 0.136250 0.030000 0.037500
0 0.197500 0.790000 0.040000 0.035000
0 0.693750 0.823750 0.042500 0.037500
0 0.980000 0.935000 0.040000 0.050000
0 0.976250 0.980000 0.047500 0.040000
0 0.885000 0.275000 0.045000 0.045000
0 0.381250 0.062500 0.032500 0.030000
0 0.360000 0.411250 0.030000 0.027500
0 0.258750 0.216250 0.047500 0.037500
0 0.081250 0.125000 0.042500 0.050000
0 0.105000 0.022500 0.080000 0.040000
0 0.256250 0.262500 0.052500 0.050000
0 0.867500 0.830000 0.080000 0.095000
0 0.607500 0.091250 0.045000 0.047500
0 0.431250 0.196250 0.037500 0.027500
0 0.386250 0.253750 0.032500 0.037500
0 0.771250 0.643750 0.042500 0.042500
0 0.160000 0.373750 0.040000 0.037500
0 0.820000 0.705000 0.035000 0.045000
0 0.821250 0.405000 0.032500 0.030000
0 0.691250 0.026250 0.057500 0.047500
0 0.268750 0.106250 0.042500 0.042500
0 0.318750 0.355000 0.042500 0.040000
0 0.188750 0.880000 0.042500 0.055000
0 0.623750 0.952500 0.037500 0.045000
0 0.920000 0.023750 0.060000 0.042500
0 0.848750 0.050000 0.052500 0.060000
0 0.820000 0.132500 0.055000 0.070000
0 0.082500 0.470000 0.030000 0.040000
0 0.161250 0.627500 0.072500 0.055000
0 0.593750 0.948750 0.052500 0.047500
0 0.501250 0.040000 0.042500 0.050000
0 0.310000 0.258750 0.050000 0.052500
0 0.263750 0.691250 0.052500 0.057500
0 0.827500 0.271250 0.050000 0.052500
0 0.213750 0.981250 0.057500 0.037500
0 0.410000 0.563750 0.035000 0.042500
0 0.490000 0.893750 0.100000 0.102500
0 0.391250 0.115000 0.052500 0.050000
0 0.325000 0.446250 0.055000 0.047500
0 0.202500 0.241250 0.060000 0.072500
0 0.210000 0.317500 0.070000 0.060000
0 0.761250 0.025000 0.067500 0.045000
0 0.553750 0.073750 0.072500 0.067500
0 0.635000 0.046250 0.060000 0.052500
0 0.947500 0.168750 0.030000 0.047500
0 0.907500 0.165000 0.040000 0.060000
0 0.745000 0.255000 0.040000 0.045000
0 0.157500 0.745000 0.050000 0.050000
0 0.228750 0.876250 0.037500 0.062500
0 0.331250 0.821250 0.057500 0.057500
0 0.276250 0.856250 0.052500 0.057500
0 0.400000 0.918750 0.070000 0.077500
0 0.476250 0.638750 0.047500 0.047500
0 0.968750 0.480000 0.052500 0.050000
0 0.875000 0.533750 0.060000 0.072500
0 0.571250 0.138750 0.067500 0.057500
0 0.273750 0.936250 0.052500 0.057500
0 0.197500 0.936250 0.055000 0.042500
0 0.106250 0.072500 0.057500 0.060000
0 0.163750 0.103750 0.062500 0.062500
0 0.018750 0.142500 0.032500 0.085000
0 0.095000 0.205000 0.045000 0.060000
0 0.157500 0.168750 0.070000 0.067500
0 0.061250 0.387500 0.057500 0.065000
0 0.036250 0.463750 0.047500 0.062500
0 0.217500 0.040000 0.065000 0.075000
0 0.102500 0.331250 0.055000 0.072500
0 0.620000 0.507500 0.050000 0.065000
0 0.781250 0.910000 0.052500 0.075000
0 0.943750 0.846250 0.062500 0.082500
0 0.965000 0.693750 0.070000 0.102500
0 0.030000 0.536250 0.055000 0.057500
0 0.045000 0.692500 0.050000 0.055000
0 0.533750 0.812500 0.072500 0.090000
0 0.328750 0.506250 0.072500 0.067500
0 0.627500 0.897500 0.045000 0.065000
0 0.433750 0.732500 0.087500 0.080000
0 0.341250 0.030000 0.042500 0.045000
0 0.036250 0.858750 0.067500 0.057500
0 0.576250 0.737500 0.082500 0.070000
0 0.603750 0.615000 0.057500 0.065000
0 0.967500 0.411250 0.050000 0.057500
0 0.885000 0.711250 0.065000 0.082500
0 0.755000 0.802500 0.090000 0.115000
0 0.653750 0.762500 0.062500 0.090000
0 0.413750 0.977500 0.057500 0.045000
0 0.311250 0.095000 0.037500 0.055000
0 0.127500 0.270000 0.055000 0.055000
0 0.698750 0.635000 0.087500 0.100000
0 0.701250 0.553750 0.042500 0.052500
0 0.953750 0.245000 0.042500 0.065000
0 0.920000 0.331250 0.070000 0.067500
0 0.647500 0.281250 0.045000 0.057500
0 0.076250 0.947500 0.047500 0.060000
0 0.778750 0.977500 0.062500 0.045000
0 0.921250 0.923750 0.062500 0.057500
0 0.353750 0.648750 0.082500 0.077500
0 0.372500 0.198750 0.045000 0.047500
0 0.337500 0.581250 0.050000 0.057500
0 0.271250 0.758750 0.052500 0.067500
0 0.492500 0.432500 0.045000 0.050000
0 0.541250 0.475000 0.042500 0.055000
0 0.568750 0.540000 0.042500 0.060000
0 0.553750 0.617500 0.037500 0.045000
0 0.581250 0.677500 0.062500 0.060000
0 0.646250 0.847500 0.057500 0.060000
0 0.852500 0.652500 0.045000 0.055000
0 0.908750 0.617500 0.052500 0.050000
0 0.858750 0.353750 0.032500 0.052500
0 0.782500 0.350000 0.040000 0.060000
0 0.691250 0.420000 0.052500 0.065000
0 0.771250 0.411250 0.052500 0.052500
0 0.611250 0.343750 0.047500 0.047500
0 0.577500 0.380000 0.040000 0.060000
0 0.293750 0.408750 0.037500 0.047500
0 0.147500 0.456250 0.045000 0.052500
0 0.103750 0.648750 0.062500 0.072500
0 0.163750 0.815000 0.042500 0.045000
0 0.282500 0.185000 0.040000 0.040000
0 0.297500 0.323750 0.040000 0.047500
0 0.208750 0.435000 0.062500 0.070000
0 0.282500 0.611250 0.065000 0.057500
0 0.476250 0.687500 0.062500 0.055000
0 0.802500 0.590000 0.060000 0.065000
0 0.417500 0.507500 0.050000 0.065000
0 0.507500 0.573750 0.055000 0.067500
0 0.753750 0.175000 0.092500 0.095000
0 0.591250 0.228750 0.047500 0.052500
0 0.445000 0.275000 0.040000 0.055000
