0 0.331250 0.881250 0.067500 0.067500
0 0.855000 0.648750 0.110000 0.102500
0 0.916250 0.790000 0.157500 0.230000
0 0.757500 0.852500 0.150000 0.170000
0 0.778750 0.972500 0.082500 0.055000
0 0.397500 0.875000 0.100000 0.080000
0 0.780000 0.698750 0.075000 0.077500
0 0.561250 0.923750 0.057500 0.062500
0 0.047500 0.818750 0.090000 0.097500
0 0.052500 0.941250 0.100000 0.117500
0 0.273750 0.748750 0.072500 0.077500
0 0.343750 0.950000 0.092500 0.100000
0 0.253750 0.845000 0.087500 0.075000
0 0.218750 0.937500 0.137500 0.125000
0 0.463750 0.952500 0.132500 0.095000
0 0.547500 0.795000 0.205000 0.190000
0 0.676250 0.958750 0.067500 0.082500
0 0.901250 0.947500 0.157500 0.105000
0 0.925000 0.353750 0.070000 0.072500
0 0.971250 0.148750 0.057500 0.092500
0 0.818750 0.478750 0.157500 0.147500
