0 0.118750 0.711250 0.072500 0.072500
0 0.972500 0.512500 0.055000 0.190000
0 0.112500 0.160000 0.055000 0.060000
0 0.040000 0.195000 0.075000 0.160000
0 0.562500 0.828750 0.055000 0.067500
0 0.765000 0.052500 0.095000 0.085000
0 0.747500 0.125000 0.085000 0.090000
0 0.036250 0.701250 0.067500 0.057500
0 0.116250 0.837500 0.132500 0.165000
0 0.507500 0.978750 0.090000 0.042500
0 0.521250 0.935000 0.042500 0.040000
0 0.841250 0.853750 0.147500 0.197500
0 0.918750 0.767500 0.072500 0.080000
0 0.903750 0.688750 0.072500 0.067500
0 0.352500 0.030000 0.055000 0.045000
0 0.371250 0.980000 0.072500 0.040000
0 0.767500 0.202500 0.065000 0.075000
0 0.197500 0.097500 0.090000 0.105000
0 0.701250 0.822500 0.117500 0.160000
0 0.891250 0.412500 0.067500 0.080000
0 0.791250 0.396250 0.132500 0.152500
0 0.480000 0.752500 0.050000 0.070000
0 0.191250 0.655000 0.112500 0.135000
0 0.375000 0.730000 0.130000 0.180000
0 0.416250 0.918750 0.072500 0.097500
0 0.951250 0.161250 0.097500 0.167500
0 0.225000 0.501250 0.100000 0.117500
0 0.526250 0.265000 0.152500 0.160000
0 0.453750 0.522500 0.117500 0.165000
