0 0.952500 0.722500 0.095000 0.070000
0 0.746250 0.018750 0.037500 0.032500
0 0.146250 0.956250 0.077500 0.087500
0 0.562500 0.026250 0.045000 0.047500
0 0.847500 0.336250 0.055000 0.057500
0 0.726250 0.622500 0.052500 0.055000
0 0.298750 0.243750 0.087500 0.092500
0 0.508750 0.175000 0.062500 0.055000
0 0.912500 0.655000 0.055000 0.060000
0 0.575000 0.727500 0.060000 0.080000
0 0.516250 0.738750 0.062500 0.077500
0 0.905000 0.557500 0.060000 0.055000
0 0.940000 0.956250 0.120000 0.087500
0 0.838750 0.221250 0.112500 0.177500
0 0.268750 0.700000 0.082500 0.065000
0 0.766250 0.082500 0.062500 0.070000
0 0.841250 0.046250 0.107500 0.087500
0 0.958750 0.061250 0.082500 0.117500
0 0.751250 0.305000 0.077500 0.085000
0 0.052500 0.812500 0.100000 0.125000
0 0.053750 0.941250 0.102500 0.117500
0 0.637500 0.032500 0.070000 0.060000
0 0.600000 0.131250 0.125000 0.142500
0 0.902500 0.486250 0.060000 0.082500
0 0.928750 0.600000 0.047500 0.045000
0 0.976250 0.603750 0.047500 0.062500
0 0.970000 0.657500 0.060000 0.055000
0 0.688750 0.506250 0.097500 0.087500
0 0.643750 0.697500 0.092500 0.095000
0 0.458750 0.730000 0.067500 0.070000
0 0.512500 0.813750 0.100000 0.072500
0 0.433750 0.928750 0.077500 0.087500
0 0.416250 0.828750 0.087500 0.092500
0 0.332500 0.875000 0.100000 0.115000
0 0.331250 0.761250 0.072500 0.072500
0 0.046250 0.211250 0.087500 0.127500
0 0.301250 0.038750 0.097500 0.072500
0 0.483750 0.043750 0.107500 0.082500
0 0.518750 0.120000 0.062500 0.060000
0 0.437500 0.145000 0.100000 0.125000
0 0.408750 0.266250 0.087500 0.097500
0 0.556250 0.263750 0.117500 0.122500
0 0.215000 0.922500 0.095000 0.065000
0 0.231250 0.853750 0.077500 0.082500
0 0.173750 0.235000 0.132500 0.130000
0 0.591250 0.492500 0.067500 0.065000
0 0.645000 0.428750 0.090000 0.077500
0 0.955000 0.395000 0.090000 0.105000
0 0.967500 0.498750 0.065000 0.107500
0 0.878750 0.872500 0.067500 0.075000
0 0.402500 0.742500 0.070000 0.065000
0 0.366250 0.656250 0.047500 0.057500
0 0.425000 0.631250 0.085000 0.102500
0 0.590000 0.586250 0.145000 0.127500
0 0.440000 0.446250 0.235000 0.237500
0 0.943750 0.245000 0.107500 0.195000
0 0.331250 0.961250 0.137500 0.077500
0 0.077500 0.077500 0.150000 0.150000
0 0.270000 0.141250 0.095000 0.112500
0 0.645000 0.325000 0.115000 0.130000
0 0.122500 0.668750 0.160000 0.162500
0 0.128750 0.531250 0.147500 0.132500
0 0.140000 0.388750 0.150000 0.167500
0 0.271250 0.617500 0.052500 0.050000
0 0.532500 0.925000 0.150000 0.150000
0 0.743750 0.856250 0.227500 0.227500
0 0.946250 0.860000 0.087500 0.100000
0 0.346250 0.146250 0.072500 0.077500
0 0.765000 0.407500 0.125000 0.110000
