0 0.117500 0.591250 0.050000 0.052500
0 0.105000 0.118750 0.045000 0.042500
0 0.037500 0.058750 0.070000 0.102500
0 0.258750 0.065000 0.057500 0.070000
0 0.518750 0.126250 0.052500 0.052500
0 0.231250 0.657500 0.092500 0.065000
0 0.192500 0.510000 0.060000 0.060000
0 0.710000 0.415000 0.040000 0.040000
0 0.537500 0.196250 0.060000 0.057500
0 0.488750 0.696250 0.147500 0.127500
0 0.956250 0.036250 0.087500 0.062500
0 0.826250 0.075000 0.092500 0.085000
0 0.956250 0.113750 0.087500 0.122500
0 0.737500 0.047500 0.085000 0.090000
0 0.955000 0.562500 0.090000 0.105000
0 0.331250 0.326250 0.087500 0.107500
0 0.450000 0.432500 0.095000 0.090000
0 0.342500 0.432500 0.075000 0.075000
0 0.053750 0.461250 0.102500 0.162500
0 0.052500 0.590000 0.100000 0.090000
0 0.227500 0.416250 0.130000 0.117500
0 0.960000 0.235000 0.080000 0.080000
0 0.440000 0.313750 0.135000 0.152500
0 0.430000 0.530000 0.090000 0.085000
0 0.323750 0.545000 0.092500 0.105000
0 0.608750 0.637500 0.047500 0.060000
0 0.786250 0.958750 0.112500 0.082500
0 0.883750 0.900000 0.102500 0.120000
0 0.052500 0.131250 0.045000 0.047500
0 0.051250 0.213750 0.097500 0.102500
0 0.165000 0.085000 0.080000 0.115000
0 0.282500 0.142500 0.055000 0.055000
0 0.417500 0.051250 0.055000 0.052500
0 0.521250 0.051250 0.112500 0.097500
0 0.977500 0.706250 0.045000 0.112500
0 0.867500 0.361250 0.080000 0.082500
0 0.865000 0.252500 0.070000 0.085000
0 0.945000 0.326250 0.075000 0.077500
0 0.318750 0.722500 0.052500 0.075000
0 0.318750 0.850000 0.137500 0.155000
0 0.491250 0.946250 0.087500 0.097500
0 0.537500 0.892500 0.080000 0.085000
0 0.647500 0.810000 0.100000 0.090000
0 0.731250 0.882500 0.087500 0.105000
0 0.187500 0.571250 0.065000 0.057500
0 0.332500 0.208750 0.090000 0.097500
0 0.181250 0.230000 0.077500 0.080000
0 0.690000 0.656250 0.065000 0.097500
0 0.875000 0.161250 0.095000 0.112500
0 0.668750 0.167500 0.077500 0.100000
0 0.780000 0.283750 0.105000 0.122500
0 0.753750 0.378750 0.067500 0.077500
0 0.562500 0.283750 0.110000 0.127500
0 0.682500 0.537500 0.080000 0.085000
0 0.111250 0.891250 0.067500 0.077500
0 0.088750 0.960000 0.082500 0.080000
0 0.040000 0.696250 0.075000 0.087500
0 0.230000 0.726250 0.095000 0.072500
0 0.195000 0.791250 0.090000 0.077500
0 0.253750 0.940000 0.062500 0.070000
0 0.611250 0.355000 0.042500 0.050000
0 0.827500 0.485000 0.075000 0.100000
0 0.588750 0.565000 0.077500 0.090000
