0 0.521250 0.026250 0.202500 0.047500
0 0.197500 0.573750 0.100000 0.087500
0 0.195000 0.770000 0.120000 0.085000
0 0.315000 0.521250 0.065000 0.057500
0 0.336250 0.270000 0.067500 0.110000
0 0.441250 0.252500 0.137500 0.135000
0 0.050000 0.810000 0.085000 0.090000
0 0.453750 0.102500 0.107500 0.095000
0 0.951250 0.048750 0.097500 0.092500
0 0.926250 0.497500 0.052500 0.050000
0 0.882500 0.587500 0.125000 0.125000
0 0.893750 0.892500 0.182500 0.190000
0 0.296250 0.050000 0.107500 0.095000
0 0.096250 0.726250 0.082500 0.092500
0 0.968750 0.180000 0.062500 0.130000
0 0.956250 0.340000 0.087500 0.185000
0 0.792500 0.155000 0.225000 0.265000
0 0.800000 0.413750 0.215000 0.187500
0 0.123750 0.137500 0.152500 0.170000
0 0.186250 0.051250 0.122500 0.097500
0 0.608750 0.385000 0.107500 0.105000
0 0.058750 0.216250 0.112500 0.132500
0 0.053750 0.472500 0.102500 0.135000
0 0.060000 0.617500 0.115000 0.135000
0 0.355000 0.721250 0.075000 0.062500
0 0.748750 0.700000 0.157500 0.105000
0 0.736250 0.557500 0.172500 0.175000
0 0.253750 0.268750 0.067500 0.092500
0 0.332500 0.162500 0.165000 0.130000
0 0.380000 0.417500 0.205000 0.200000
0 0.216250 0.681250 0.177500 0.127500
0 0.095000 0.360000 0.145000 0.105000
0 0.156250 0.276250 0.102500 0.112500
0 0.615000 0.240000 0.145000 0.185000
0 0.865000 0.752500 0.075000 0.065000
0 0.930000 0.706250 0.105000 0.112500
0 0.088750 0.925000 0.172500 0.150000
0 0.408750 0.800000 0.102500 0.115000
0 0.495000 0.926250 0.150000 0.147500
0 0.713750 0.881250 0.182500 0.217500
0 0.183750 0.482500 0.152500 0.115000
0 0.561250 0.498750 0.197500 0.147500
0 0.545000 0.673750 0.220000 0.197500
0 0.583750 0.807500 0.112500 0.085000
0 0.316250 0.905000 0.162500 0.190000
0 0.366250 0.622500 0.122500 0.140000
