0 0.913750 0.856250 0.112500 0.107500
0 0.423750 0.205000 0.082500 0.085000
0 0.348750 0.096250 0.107500 0.132500
0 0.058750 0.157500 0.112500 0.115000
0 0.492500 0.313750 0.115000 0.147500
0 0.693750 0.952500 0.127500 0.095000
0 0.058750 0.708750 0.112500 0.147500
0 0.968750 0.552500 0.062500 0.135000
0 0.408750 0.458750 0.167500 0.147500
0 0.153750 0.918750 0.212500 0.152500
0 0.196250 0.722500 0.112500 0.120000
0 0.876250 0.706250 0.192500 0.177500
0 0.385000 0.288750 0.090000 0.072500
0 0.212500 0.108750 0.135000 0.147500
0 0.438750 0.758750 0.187500 0.187500
