0 0.108750 0.108750 0.192500 0.197500
0 0.088750 0.542500 0.172500 0.340000
0 0.267500 0.962500 0.085000 0.075000
0 0.471250 0.645000 0.167500 0.150000
0 0.432500 0.166250 0.090000 0.087500
0 0.253750 0.052500 0.137500 0.100000
0 0.522500 0.076250 0.095000 0.097500
0 0.756250 0.111250 0.312500 0.217500
0 0.208750 0.807500 0.222500 0.210000
0 0.562500 0.468750 0.175000 0.197500
0 0.531250 0.762500 0.102500 0.140000
0 0.822500 0.761250 0.350000 0.317500
0 0.880000 0.487500 0.230000 0.250000
0 0.280000 0.475000 0.305000 0.300000
