0 0.590000 0.736250 0.125000 0.122500
0 0.981250 0.787500 0.037500 0.070000
0 0.135000 0.046250 0.110000 0.087500
0 0.115000 0.946250 0.175000 0.107500
0 0.792500 0.413750 0.090000 0.092500
0 0.853750 0.267500 0.122500 0.125000
0 0.956250 0.328750 0.087500 0.137500
0 0.656250 0.847500 0.122500 0.140000
0 0.695000 0.371250 0.090000 0.122500
0 0.203750 0.150000 0.167500 0.155000
0 0.598750 0.058750 0.082500 0.102500
0 0.931250 0.583750 0.112500 0.112500
0 0.660000 0.621250 0.120000 0.102500
0 0.682500 0.523750 0.090000 0.092500
0 0.551250 0.448750 0.137500 0.127500
0 0.705000 0.205000 0.165000 0.175000
0 0.807500 0.922500 0.170000 0.150000
0 0.312500 0.682500 0.430000 0.335000
