0 0.442500 0.252500 0.050000 0.040000
0 0.601250 0.285000 0.057500 0.055000
0 0.948750 0.896250 0.037500 0.042500
0 0.453750 0.922500 0.132500 0.135000
0 0.438750 0.311250 0.077500 0.077500
0 0.316250 0.035000 0.092500 0.060000
0 0.825000 0.248750 0.110000 0.102500
0 0.965000 0.223750 0.050000 0.042500
0 0.937500 0.670000 0.055000 0.055000
0 0.382500 0.367500 0.050000 0.065000
0 0.430000 0.370000 0.045000 0.055000
0 0.308750 0.373750 0.092500 0.102500
0 0.220000 0.545000 0.075000 0.065000
0 0.820000 0.961250 0.085000 0.077500
0 0.310000 0.243750 0.160000 0.147500
0 0.416250 0.055000 0.092500 0.080000
0 0.551250 0.057500 0.087500 0.090000
0 0.298750 0.532500 0.077500 0.080000
0 0.205000 0.665000 0.085000 0.070000
0 0.098750 0.670000 0.087500 0.075000
0 0.128750 0.742500 0.117500 0.090000
0 0.181250 0.956250 0.092500 0.087500
0 0.293750 0.955000 0.102500 0.090000
0 0.366250 0.805000 0.087500 0.080000
0 0.477500 0.513750 0.095000 0.122500
0 0.245000 0.603750 0.070000 0.057500
0 0.308750 0.115000 0.107500 0.090000
0 0.512500 0.266250 0.095000 0.092500
0 0.156250 0.042500 0.122500 0.080000
0 0.906250 0.116250 0.057500 0.062500
0 0.973750 0.168750 0.052500 0.067500
0 0.776250 0.313750 0.062500 0.052500
0 0.967500 0.495000 0.065000 0.095000
0 0.587500 0.942500 0.130000 0.115000
0 0.718750 0.942500 0.107500 0.090000
0 0.543750 0.375000 0.137500 0.130000
0 0.623750 0.365000 0.057500 0.075000
0 0.745000 0.376250 0.085000 0.082500
0 0.442500 0.160000 0.130000 0.140000
0 0.215000 0.345000 0.090000 0.090000
0 0.200000 0.456250 0.115000 0.137500
0 0.141250 0.177500 0.082500 0.060000
0 0.142500 0.253750 0.110000 0.092500
0 0.386250 0.447500 0.092500 0.085000
0 0.572500 0.146250 0.080000 0.072500
0 0.591250 0.222500 0.087500 0.080000
0 0.657500 0.625000 0.075000 0.060000
0 0.618750 0.733750 0.147500 0.132500
0 0.535000 0.813750 0.090000 0.077500
0 0.732500 0.823750 0.160000 0.147500
0 0.125000 0.575000 0.075000 0.100000
0 0.937500 0.767500 0.125000 0.140000
0 0.616250 0.498750 0.117500 0.127500
0 0.737500 0.511250 0.110000 0.107500
0 0.857500 0.521250 0.115000 0.117500
