0 0.253827 0.030000 0.058673 0.055000
0 0.482143 0.200000 0.061224 0.065000
0 0.966837 0.540000 0.066327 0.065000
0 0.617347 0.097500 0.056122 0.055000
0 0.786990 0.027500 0.053571 0.050000
0 0.852041 0.037500 0.066327 0.070000
0 0.966837 0.048750 0.066327 0.092500
0 0.737245 0.407500 0.071429 0.070000
0 0.682398 0.356250 0.063776 0.062500
0 0.769133 0.363750 0.058673 0.072500
0 0.125000 0.021250 0.061224 0.037500
0 0.559949 0.530000 0.084184 0.060000
0 0.478316 0.406250 0.084184 0.097500
0 0.465561 0.312500 0.073980 0.090000
0 0.913265 0.396250 0.051020 0.062500
0 0.942602 0.486250 0.043367 0.052500
0 0.903061 0.463750 0.040816 0.047500
0 0.400510 0.606250 0.102041 0.067500
0 0.732143 0.961250 0.086735 0.077500
0 0.848214 0.975000 0.068878 0.050000
0 0.642857 0.972500 0.081633 0.055000
0 0.890306 0.856250 0.076531 0.077500
0 0.932398 0.703750 0.094388 0.092500
0 0.829082 0.385000 0.061224 0.070000
0 0.862245 0.446250 0.045918 0.057500
0 0.918367 0.136250 0.122449 0.112500
0 0.674745 0.651250 0.094388 0.087500
0 0.970663 0.781250 0.058673 0.072500
0 0.957908 0.610000 0.058673 0.070000
0 0.316327 0.043750 0.061224 0.057500
0 0.789541 0.595000 0.099490 0.130000
0 0.792092 0.296250 0.079082 0.082500
0 0.631378 0.915000 0.058673 0.055000
0 0.576531 0.967500 0.066327 0.065000
0 0.816327 0.086250 0.081633 0.077500
0 0.029337 0.708750 0.053571 0.082500
0 0.386480 0.396250 0.089286 0.117500
0 0.803571 0.215000 0.091837 0.105000
0 0.900510 0.247500 0.112245 0.130000
0 0.798469 0.887500 0.158163 0.155000
0 0.205357 0.051250 0.068878 0.062500
0 0.190051 0.137500 0.079082 0.090000
0 0.672194 0.565000 0.099490 0.100000
0 0.766582 0.746250 0.125000 0.147500
0 0.400510 0.700000 0.132653 0.115000
0 0.581633 0.780000 0.132653 0.140000
0 0.295918 0.400000 0.102041 0.080000
0 0.294643 0.501250 0.130102 0.122500
0 0.594388 0.433750 0.153061 0.147500
0 0.572704 0.191250 0.125000 0.132500
0 0.556122 0.311250 0.107143 0.102500
0 0.701531 0.283750 0.086735 0.102500
0 0.692602 0.057500 0.114796 0.110000
0 0.446429 0.803750 0.107143 0.127500
0 0.466837 0.515000 0.117347 0.125000
0 0.543367 0.622500 0.127551 0.130000
0 0.099490 0.601250 0.112245 0.107500
0 0.170918 0.808750 0.137755 0.147500
