0 0.981250 0.607500 0.037500 0.085000
0 0.495000 0.925000 0.070000 0.065000
0 0.202500 0.893750 0.070000 0.067500
0 0.175000 0.762500 0.105000 0.115000
0 0.413750 0.116250 0.067500 0.062500
0 0.666250 0.140000 0.057500 0.070000
0 0.587500 0.522500 0.110000 0.065000
0 0.681250 0.521250 0.057500 0.057500
0 0.686250 0.590000 0.077500 0.065000
0 0.606250 0.623750 0.072500 0.072500
0 0.922500 0.481250 0.075000 0.087500
0 0.713750 0.371250 0.102500 0.107500
0 0.757500 0.466250 0.065000 0.062500
0 0.898750 0.946250 0.122500 0.107500
0 0.820000 0.856250 0.075000 0.077500
0 0.943750 0.821250 0.112500 0.162500
0 0.256250 0.715000 0.067500 0.075000
0 0.083750 0.865000 0.082500 0.095000
0 0.141250 0.941250 0.067500 0.072500
0 0.385000 0.963750 0.090000 0.072500
0 0.266250 0.965000 0.102500 0.070000
0 0.367500 0.862500 0.085000 0.100000
0 0.278750 0.880000 0.077500 0.085000
0 0.456250 0.840000 0.087500 0.100000
0 0.271250 0.575000 0.127500 0.125000
0 0.532500 0.606250 0.095000 0.102500
0 0.663750 0.686250 0.102500 0.092500
0 0.880000 0.403750 0.110000 0.122500
0 0.781250 0.957500 0.087500 0.085000
0 0.658750 0.942500 0.087500 0.115000
0 0.571250 0.880000 0.077500 0.065000
0 0.652500 0.788750 0.105000 0.087500
0 0.537500 0.732500 0.115000 0.135000
0 0.388750 0.711250 0.137500 0.137500
0 0.852500 0.643750 0.195000 0.232500
0 0.098750 0.565000 0.192500 0.195000
0 0.358750 0.461250 0.072500 0.072500
0 0.467500 0.440000 0.115000 0.105000
0 0.605000 0.417500 0.125000 0.135000
