0 0.360000 0.971250 0.080000 0.057500
0 0.841250 0.322500 0.037500 0.040000
0 0.841250 0.281250 0.042500 0.032500
0 0.406250 0.043750 0.067500 0.062500
0 0.807500 0.971250 0.070000 0.057500
0 0.881250 0.247500 0.042500 0.045000
0 0.678750 0.332500 0.182500 0.170000
0 0.030000 0.230000 0.055000 0.105000
0 0.065000 0.050000 0.125000 0.095000
0 0.950000 0.932500 0.100000 0.135000
0 0.963750 0.560000 0.072500 0.080000
0 0.368750 0.111250 0.082500 0.082500
0 0.395000 0.293750 0.130000 0.112500
0 0.951250 0.281250 0.097500 0.142500
0 0.293750 0.877500 0.097500 0.090000
0 0.792500 0.911250 0.060000 0.052500
0 0.246250 0.170000 0.107500 0.105000
0 0.567500 0.941250 0.165000 0.117500
0 0.047500 0.638750 0.090000 0.122500
0 0.061250 0.513750 0.107500 0.122500
0 0.123750 0.195000 0.122500 0.135000
0 0.041250 0.335000 0.077500 0.065000
0 0.240000 0.062500 0.085000 0.090000
0 0.820000 0.237500 0.065000 0.070000
0 0.532500 0.490000 0.090000 0.100000
0 0.461250 0.530000 0.077500 0.075000
0 0.358750 0.506250 0.062500 0.067500
0 0.217500 0.951250 0.090000 0.097500
0 0.085000 0.910000 0.155000 0.150000
0 0.560000 0.771250 0.170000 0.182500
0 0.193750 0.603750 0.102500 0.112500
0 0.298750 0.586250 0.087500 0.092500
0 0.376250 0.398750 0.107500 0.097500
0 0.683750 0.177500 0.132500 0.120000
0 0.812500 0.090000 0.090000 0.095000
0 0.723750 0.037500 0.147500 0.070000
0 0.535000 0.053750 0.120000 0.102500
0 0.437500 0.195000 0.090000 0.100000
0 0.955000 0.821250 0.090000 0.087500
0 0.967500 0.658750 0.065000 0.122500
0 0.178750 0.295000 0.102500 0.090000
0 0.235000 0.767500 0.160000 0.135000
0 0.771250 0.796250 0.162500 0.147500
0 0.893750 0.606250 0.047500 0.062500
0 0.811250 0.625000 0.047500 0.090000
