0 0.462500 0.165000 0.050000 0.055000
0 0.715000 0.055000 0.135000 0.105000
0 0.061250 0.868750 0.087500 0.077500
0 0.200000 0.085000 0.065000 0.060000
0 0.551250 0.307500 0.047500 0.055000
0 0.506250 0.325000 0.042500 0.040000
0 0.422500 0.066250 0.135000 0.127500
0 0.105000 0.118750 0.110000 0.107500
0 0.231250 0.943750 0.187500 0.112500
0 0.056250 0.956250 0.107500 0.087500
0 0.877500 0.925000 0.095000 0.100000
0 0.693750 0.342500 0.052500 0.050000
0 0.636250 0.468750 0.092500 0.102500
0 0.293750 0.097500 0.137500 0.140000
0 0.132500 0.032500 0.090000 0.060000
0 0.187500 0.247500 0.055000 0.055000
0 0.151250 0.182500 0.057500 0.055000
0 0.105000 0.275000 0.090000 0.080000
0 0.400000 0.253750 0.130000 0.142500
0 0.585000 0.790000 0.060000 0.085000
0 0.945000 0.968750 0.075000 0.062500
0 0.470000 0.522500 0.095000 0.140000
0 0.237500 0.867500 0.075000 0.080000
0 0.242500 0.273750 0.065000 0.057500
0 0.255000 0.393750 0.070000 0.092500
0 0.183750 0.447500 0.062500 0.075000
0 0.058750 0.645000 0.087500 0.110000
0 0.548750 0.948750 0.042500 0.037500
0 0.512500 0.700000 0.060000 0.070000
0 0.682500 0.125000 0.080000 0.070000
0 0.553750 0.165000 0.047500 0.065000
0 0.480000 0.346250 0.045000 0.052500
0 0.386250 0.382500 0.082500 0.085000
0 0.133750 0.565000 0.092500 0.100000
0 0.772500 0.455000 0.100000 0.135000
