0 0.867500 0.270000 0.090000 0.085000
0 0.583750 0.298750 0.057500 0.077500
0 0.221250 0.045000 0.057500 0.055000
0 0.021250 0.757500 0.037500 0.105000
0 0.398750 0.943750 0.117500 0.112500
0 0.820000 0.440000 0.070000 0.085000
0 0.067500 0.582500 0.120000 0.165000
0 0.916250 0.962500 0.102500 0.075000
0 0.508750 0.332500 0.072500 0.085000
0 0.920000 0.086250 0.090000 0.097500
0 0.737500 0.166250 0.090000 0.102500
0 0.235000 0.913750 0.105000 0.092500
0 0.187500 0.723750 0.150000 0.167500
0 0.930000 0.867500 0.120000 0.120000
0 0.587500 0.391250 0.090000 0.107500
0 0.716250 0.437500 0.097500 0.100000
0 0.963750 0.581250 0.072500 0.127500
0 0.522500 0.492500 0.115000 0.115000
0 0.843750 0.170000 0.087500 0.105000
0 0.625000 0.170000 0.110000 0.120000
0 0.111250 0.037500 0.052500 0.060000
0 0.838750 0.662500 0.147500 0.130000
0 0.791250 0.791250 0.142500 0.112500
0 0.197500 0.303750 0.120000 0.087500
0 0.971250 0.161250 0.057500 0.067500
0 0.776250 0.332500 0.122500 0.100000
0 0.752500 0.060000 0.095000 0.085000
0 0.715000 0.553750 0.130000 0.127500
0 0.500000 0.240000 0.065000 0.085000
0 0.478750 0.041250 0.072500 0.077500
0 0.403750 0.042500 0.062500 0.070000
0 0.082500 0.896250 0.125000 0.127500
0 0.091250 0.181250 0.087500 0.097500
0 0.945000 0.356250 0.100000 0.117500
0 0.362500 0.830000 0.085000 0.100000
0 0.892500 0.505000 0.095000 0.105000
0 0.053750 0.302500 0.052500 0.055000
0 0.181250 0.433750 0.087500 0.087500
0 0.386250 0.241250 0.112500 0.112500
