0 0.758750 0.851250 0.077500 0.097500
0 0.596250 0.698750 0.137500 0.137500
0 0.488750 0.175000 0.087500 0.080000
0 0.306250 0.416250 0.037500 0.062500
0 0.233750 0.421250 0.052500 0.062500
0 0.046250 0.728750 0.082500 0.077500
0 0.688750 0.550000 0.122500 0.120000
0 0.212500 0.576250 0.120000 0.072500
0 0.370000 0.326250 0.045000 0.052500
0 0.383750 0.426250 0.092500 0.092500
0 0.142500 0.160000 0.095000 0.085000
0 0.031250 0.117500 0.057500 0.095000
0 0.110000 0.071250 0.130000 0.092500
0 0.246250 0.642500 0.107500 0.085000
0 0.881250 0.768750 0.132500 0.132500
0 0.946250 0.635000 0.107500 0.185000
0 0.430000 0.502500 0.060000 0.065000
0 0.418750 0.198750 0.082500 0.062500
0 0.580000 0.926250 0.155000 0.137500
0 0.960000 0.911250 0.070000 0.082500
0 0.270000 0.122500 0.075000 0.055000
0 0.531250 0.127500 0.112500 0.120000
0 0.822500 0.091250 0.085000 0.077500
0 0.243750 0.302500 0.082500 0.085000
0 0.063750 0.627500 0.072500 0.095000
0 0.402500 0.880000 0.160000 0.180000
0 0.470000 0.331250 0.075000 0.077500
0 0.362500 0.575000 0.105000 0.145000
0 0.140000 0.713750 0.100000 0.127500
0 0.253750 0.737500 0.077500 0.080000
0 0.237500 0.913750 0.085000 0.077500
0 0.113750 0.911250 0.142500 0.147500
0 0.116250 0.306250 0.137500 0.137500
0 0.235000 0.198750 0.090000 0.092500
0 0.325000 0.295000 0.060000 0.065000
0 0.858750 0.441250 0.137500 0.137500
