0 0.022500 0.497500 0.040000 0.080000
0 0.286250 0.686250 0.082500 0.087500
0 0.271250 0.115000 0.087500 0.100000
0 0.042500 0.750000 0.075000 0.140000
0 0.943750 0.097500 0.112500 0.170000
0 0.440000 0.926250 0.055000 0.052500
0 0.105000 0.953750 0.075000 0.092500
0 0.342500 0.313750 0.070000 0.087500
0 0.482500 0.867500 0.070000 0.065000
0 0.376250 0.911250 0.032500 0.042500
0 0.412500 0.782500 0.055000 0.060000
0 0.906250 0.956250 0.062500 0.057500
0 0.847500 0.961250 0.055000 0.077500
0 0.258750 0.327500 0.097500 0.075000
0 0.370000 0.041250 0.140000 0.077500
0 0.718750 0.312500 0.082500 0.105000
0 0.318750 0.933750 0.072500 0.072500
0 0.220000 0.828750 0.065000 0.077500
0 0.148750 0.476250 0.122500 0.142500
0 0.095000 0.267500 0.095000 0.105000
0 0.956250 0.255000 0.072500 0.090000
0 0.561250 0.332500 0.057500 0.060000
0 0.475000 0.392500 0.085000 0.075000
0 0.578750 0.507500 0.087500 0.095000
