0 0.492500 0.371250 0.075000 0.082500
0 0.378750 0.345000 0.057500 0.065000
0 0.202500 0.255000 0.055000 0.055000
0 0.033750 0.635000 0.062500 0.110000
0 0.130000 0.651250 0.080000 0.082500
0 0.591250 0.348750 0.097500 0.097500
0 0.968750 0.073750 0.062500 0.087500
0 0.968750 0.173750 0.062500 0.107500
0 0.970000 0.925000 0.060000 0.095000
0 0.336250 0.695000 0.067500 0.060000
0 0.827500 0.252500 0.060000 0.045000
0 0.912500 0.417500 0.070000 0.075000
0 0.273750 0.153750 0.067500 0.057500
0 0.433750 0.898750 0.032500 0.027500
0 0.780000 0.813750 0.065000 0.042500
0 0.763750 0.862500 0.042500 0.055000
0 0.817500 0.863750 0.045000 0.052500
0 0.801250 0.930000 0.082500 0.070000
0 0.953750 0.567500 0.042500 0.045000
0 0.227500 0.468750 0.070000 0.057500
0 0.088750 0.751250 0.132500 0.127500
0 0.332500 0.882500 0.035000 0.035000
0 0.346250 0.850000 0.022500 0.020000
0 0.383750 0.871250 0.022500 0.027500
0 0.207500 0.890000 0.195000 0.160000
0 0.652500 0.381250 0.040000 0.047500
0 0.565000 0.558750 0.060000 0.067500
0 0.573750 0.638750 0.052500 0.057500
0 0.702500 0.455000 0.050000 0.050000
0 0.305000 0.056250 0.145000 0.107500
0 0.066250 0.050000 0.077500 0.070000
0 0.110000 0.190000 0.110000 0.110000
0 0.802500 0.355000 0.140000 0.115000
0 0.836250 0.466250 0.107500 0.107500
0 0.778750 0.601250 0.172500 0.167500
0 0.511250 0.520000 0.072500 0.090000
0 0.398750 0.953750 0.157500 0.092500
0 0.557500 0.046250 0.090000 0.077500
0 0.296250 0.370000 0.087500 0.085000
0 0.281250 0.266250 0.087500 0.092500
0 0.365000 0.153750 0.110000 0.102500
0 0.622500 0.101250 0.085000 0.097500
0 0.441250 0.413750 0.067500 0.082500
0 0.492500 0.652500 0.080000 0.115000
0 0.705000 0.785000 0.090000 0.110000
0 0.687500 0.945000 0.105000 0.100000
0 0.327500 0.525000 0.100000 0.110000
0 0.872500 0.781250 0.095000 0.127500
0 0.593750 0.262500 0.082500 0.085000
0 0.398750 0.237500 0.072500 0.070000
0 0.138750 0.372500 0.102500 0.140000
0 0.110000 0.503750 0.110000 0.107500
