0 0.061250 0.322500 0.047500 0.045000
0 0.130000 0.456250 0.120000 0.107500
0 0.491250 0.060000 0.167500 0.115000
0 0.226250 0.581250 0.082500 0.087500
0 0.952500 0.928750 0.095000 0.142500
0 0.592500 0.826250 0.095000 0.112500
0 0.158750 0.737500 0.097500 0.135000
0 0.235000 0.420000 0.095000 0.095000
0 0.408750 0.937500 0.157500 0.125000
0 0.487500 0.775000 0.125000 0.155000
0 0.585000 0.940000 0.175000 0.120000
0 0.247500 0.955000 0.130000 0.090000
0 0.055000 0.851250 0.105000 0.122500
0 0.066250 0.648750 0.127500 0.102500
0 0.336250 0.505000 0.127500 0.125000
0 0.480000 0.582500 0.100000 0.115000
0 0.291250 0.296250 0.132500 0.162500
0 0.103750 0.152500 0.202500 0.225000
0 0.305000 0.045000 0.150000 0.085000
0 0.936250 0.466250 0.127500 0.197500
0 0.877500 0.272500 0.130000 0.155000
0 0.558750 0.223750 0.082500 0.087500
0 0.811250 0.936250 0.172500 0.127500
0 0.288750 0.792500 0.172500 0.185000
0 0.776250 0.232500 0.077500 0.075000
0 0.781250 0.116250 0.122500 0.117500
0 0.430000 0.198750 0.120000 0.097500
0 0.887500 0.640000 0.140000 0.160000
0 0.670000 0.505000 0.165000 0.195000
