0 0.818750 0.705000 0.067500 0.075000
0 0.542500 0.730000 0.090000 0.105000
0 0.840000 0.441250 0.110000 0.132500
0 0.687500 0.518750 0.120000 0.152500
0 0.875000 0.038750 0.070000 0.072500
0 0.967500 0.283750 0.065000 0.077500
0 0.791250 0.032500 0.077500 0.060000
0 0.138750 0.210000 0.077500 0.095000
0 0.746250 0.453750 0.062500 0.082500
0 0.036250 0.565000 0.067500 0.145000
0 0.032500 0.418750 0.060000 0.132500
0 0.210000 0.142500 0.090000 0.110000
0 0.268750 0.427500 0.102500 0.110000
0 0.838750 0.203750 0.102500 0.157500
0 0.826250 0.590000 0.147500 0.165000
0 0.705000 0.661250 0.105000 0.127500
0 0.501250 0.040000 0.107500 0.075000
0 0.922500 0.377500 0.140000 0.105000
0 0.163750 0.902500 0.067500 0.065000
0 0.090000 0.917500 0.100000 0.100000
0 0.333750 0.652500 0.102500 0.100000
0 0.947500 0.486250 0.105000 0.152500
0 0.693750 0.355000 0.162500 0.145000
0 0.628750 0.962500 0.082500 0.075000
0 0.757500 0.936250 0.125000 0.127500
0 0.900000 0.951250 0.110000 0.097500
0 0.915000 0.780000 0.120000 0.150000
0 0.786250 0.830000 0.082500 0.070000
0 0.713750 0.066250 0.107500 0.112500
0 0.416250 0.878750 0.112500 0.122500
0 0.310000 0.926250 0.120000 0.137500
0 0.526250 0.855000 0.107500 0.150000
0 0.672500 0.207500 0.175000 0.170000
0 0.543750 0.105000 0.137500 0.120000
0 0.482500 0.236250 0.115000 0.102500
0 0.605000 0.655000 0.105000 0.105000
0 0.448750 0.721250 0.097500 0.102500
0 0.448750 0.596250 0.142500 0.147500
0 0.202500 0.641250 0.100000 0.082500
0 0.158750 0.553750 0.127500 0.117500
0 0.161250 0.436250 0.097500 0.132500
0 0.058750 0.107500 0.112500 0.145000
0 0.093750 0.338750 0.112500 0.102500
0 0.288750 0.296250 0.152500 0.172500
0 0.290000 0.787500 0.095000 0.100000
0 0.553750 0.492500 0.122500 0.120000
0 0.555000 0.370000 0.125000 0.130000
0 0.387500 0.418750 0.130000 0.142500
0 0.310000 0.542500 0.105000 0.125000
